desc: I1 cache:         32768 B, 64 B, 8-way associative
desc: D1 cache:         32768 B, 64 B, 8-way associative
desc: LL cache:         3145728 B, 64 B, 12-way associative
cmd: ./cache 36 16 8 32
events: Ir I1mr ILmr Dr D1mr DLmr Dw D1mw DLmw Bc Bcm Bi Bim
fl=/build/glibc-OTsEL5/glibc-2.27/elf/../elf/dl-sysdep.c
fn=_dl_sysdep_start
88 8 1 1 0 0 0 6 1 1 0 0 0 0
89 10 1 1 4 1 1 5 0 0 0 0 0 0
90 1 0 0 0 0 0 0 0 0 0 0 0 0
112 1 0 0 0 0 0 1 0 0 0 0 0 0
113 219 1 1 71 10 10 4 3 3 70 10 0 0
116 2 0 0 0 0 0 1 0 0 0 0 0 0
117 1 1 1 0 0 0 1 0 0 0 0 0 0
119 126 5 5 32 3 3 13 1 1 30 16 0 0
120 110 0 0 18 3 3 0 0 0 19 2 17 13
123 1 0 0 1 0 0 0 0 0 0 0 0 0
126 1 1 1 1 0 0 0 0 0 0 0 0 0
129 1 1 1 1 0 0 0 0 0 0 0 0 0
130 1 0 0 0 0 0 0 0 0 0 0 0 0
132 1 0 0 1 0 0 0 0 0 0 0 0 0
133 1 0 0 0 0 0 0 0 0 0 0 0 0
153 1 1 1 1 0 0 0 0 0 0 0 0 0
154 1 0 0 0 0 0 0 0 0 0 0 0 0
156 1 0 0 1 0 0 0 0 0 0 0 0 0
157 1 0 0 0 0 0 0 0 0 0 0 0 0
159 2 2 2 1 0 0 1 0 0 0 0 0 0
160 1 0 0 0 0 0 1 0 0 0 0 0 0
165 2 0 0 1 1 1 1 0 0 0 0 0 0
166 1 0 0 0 0 0 1 0 0 0 0 0 0
181 2 1 1 1 1 1 1 0 0 0 0 0 0
182 1 0 0 0 0 0 1 0 0 0 0 0 0
224 1 0 0 0 0 0 1 0 0 0 0 0 0
235 2 0 0 0 0 0 0 0 0 1 0 0 0
236 2 0 0 0 0 0 2 0 0 0 0 0 0
238 5 0 0 0 0 0 1 0 0 1 0 0 0
250 3 0 0 1 0 0 0 0 0 1 0 0 0
253 5 1 1 1 0 0 1 0 0 0 0 1 1
fl=/build/glibc-OTsEL5/glibc-2.27/elf/../elf/dl-tls.c
fn=_dl_count_modids
113 2 1 1 1 0 0 0 0 0 1 0 0 0
114 2 0 0 2 1 1 0 0 0 0 0 0 0
fl=/build/glibc-OTsEL5/glibc-2.27/elf/../misc/sbrk.c
fn=sbrk
32 4 1 1 0 0 0 2 0 0 0 0 0 0
40 6 0 0 2 0 0 0 0 0 2 1 0 0
44 2 1 1 0 0 0 0 0 0 1 1 0 0
60 5 0 0 3 0 0 0 0 0 0 0 0 0
fl=/build/glibc-OTsEL5/glibc-2.27/elf/../sysdeps/posix/dl-fileid.h
fn=_dl_map_object_from_fd
37 12 0 0 0 0 0 2 0 0 2 0 0 0
40 2 0 0 2 0 0 0 0 0 0 0 0 0
41 4 1 1 2 0 0 2 0 0 0 0 0 0
49 13 1 1 7 1 1 0 0 0 6 5 0 0
fl=/build/glibc-OTsEL5/glibc-2.27/elf/../sysdeps/unix/sysv/linux/dl-sysdep.c
fn=_dl_discover_osversion
45 4 1 1 0 0 0 3 0 0 0 0 0 0
47 3 0 0 1 0 0 0 0 0 1 1 0 0
87 5 2 2 0 0 0 1 1 1 1 0 0 0
102 1 0 0 0 0 0 0 0 0 0 0 0 0
106 1 0 0 0 0 0 0 0 0 0 0 0 0
107 1 0 0 0 0 0 0 0 0 0 0 0 0
109 12 0 0 3 1 1 0 0 0 3 0 0 0
111 6 0 0 0 0 0 0 0 0 0 0 0 0
113 17 0 0 4 0 0 0 0 0 4 2 0 0
115 1 0 0 0 0 0 0 0 0 0 0 0 0
116 2 0 0 0 0 0 0 0 0 0 0 0 0
119 3 0 0 0 0 0 0 0 0 0 0 0 0
120 3 1 1 0 0 0 0 0 0 0 0 0 0
121 3 0 0 0 0 0 0 0 0 0 0 0 0
123 13 0 0 0 0 0 0 0 0 5 3 0 0
128 2 0 0 0 0 0 0 0 0 1 1 0 0
132 5 0 0 4 0 0 0 0 0 0 0 0 0
fn=_dl_sysdep_start
35 2 0 0 0 0 0 1 0 0 0 0 0 0
fl=/build/glibc-OTsEL5/glibc-2.27/elf/../sysdeps/unix/sysv/linux/not-errno.h
fn=_dl_important_hwcaps
28 4 1 1 0 0 0 0 0 0 0 0 0 0
fn=_dl_load_cache_lookup
28 4 0 0 0 0 0 0 0 0 0 0 0 0
32 3 1 1 0 0 0 0 0 0 0 0 0 0
fl=/build/glibc-OTsEL5/glibc-2.27/elf/../sysdeps/unix/sysv/linux/x86_64/brk.c
fn=brk
31 7 1 1 0 0 0 1 1 1 1 0 0 0
33 2 0 0 0 0 0 0 0 0 1 0 0 0
39 1 0 0 0 0 0 0 0 0 0 0 0 0
40 1 0 0 1 0 0 0 0 0 0 0 0 0
fl=/build/glibc-OTsEL5/glibc-2.27/elf/../sysdeps/x86/cpu-features.c
fn=_dl_sysdep_start
184 1 0 0 0 0 0 1 0 0 0 0 0 0
185 1 1 1 0 0 0 1 0 0 0 0 0 0
196 3 0 0 0 0 0 1 0 0 0 0 0 0
199 6 0 0 0 0 0 0 0 0 3 2 0 0
203 1 0 0 0 0 0 0 0 0 0 0 0 0
205 6 2 2 0 0 0 1 0 0 0 0 0 0
208 3 0 0 1 0 0 0 0 0 1 1 0 0
210 5 1 1 4 0 0 1 0 0 0 0 0 0
211 7 0 0 1 1 1 0 0 0 1 0 1 1
217 2 1 1 0 0 0 1 0 0 0 0 0 0
257 2 0 0 1 0 0 0 0 0 1 0 0 0
279 2 0 0 0 0 0 0 0 0 0 0 0 0
305 4 0 0 0 0 0 0 0 0 0 0 0 0
312 8 0 0 1 0 0 1 0 0 0 0 0 0
366 3 1 1 1 0 0 0 0 0 1 0 0 0
367 1 0 0 1 0 0 0 0 0 0 0 0 0
370 2 0 0 0 0 0 0 0 0 1 0 0 0
371 1 0 0 1 0 0 0 0 0 0 0 0 0
377 1 0 0 0 0 0 1 0 0 0 0 0 0
378 1 0 0 0 0 0 1 0 0 0 0 0 0
379 1 0 0 0 0 0 1 0 0 0 0 0 0
382 4 1 1 0 0 0 1 0 0 0 0 0 0
384 6 0 0 1 0 0 2 0 0 0 0 0 0
386 6 1 1 1 0 0 2 0 0 0 0 0 0
388 6 0 0 1 0 0 2 0 0 0 0 0 0
399 1 0 0 0 0 0 1 0 0 0 0 0 0
400 3 1 1 2 0 0 0 0 0 1 1 0 0
404 3 1 1 1 0 0 0 0 0 1 1 0 0
423 3 1 1 0 0 0 0 0 0 1 1 0 0
fn=get_common_indeces.constprop.1
34 2 1 1 0 0 0 1 0 0 0 0 0 0
38 4 0 0 0 0 0 0 0 0 1 0 0 0
41 5 0 0 0 0 0 3 0 0 0 0 0 0
44 1 0 0 0 0 0 1 0 0 0 0 0 0
45 4 1 1 0 0 0 1 0 0 0 0 0 0
46 4 0 0 0 0 0 1 0 0 0 0 0 0
47 4 0 0 0 0 0 1 0 0 0 0 0 0
48 3 0 0 0 0 0 1 0 0 0 0 0 0
49 2 1 1 1 0 0 0 0 0 1 0 0 0
56 2 0 0 1 0 0 0 0 0 1 0 0 0
57 7 0 0 0 0 0 4 0 0 0 0 0 0
64 3 1 1 1 0 0 0 0 0 1 0 0 0
68 2 0 0 0 0 0 0 0 0 0 0 0 0
70 4 0 0 0 0 0 0 0 0 1 1 0 0
74 2 1 1 0 0 0 0 0 0 1 0 0 0
77 4 0 0 1 1 1 1 0 0 0 0 0 0
80 2 0 0 1 0 0 0 0 0 1 1 0 0
84 2 0 0 0 0 0 0 0 0 1 0 0 0
91 3 1 1 0 0 0 0 0 0 1 1 0 0
110 2 0 0 1 0 0 0 0 0 1 0 0 0
114 4 0 0 0 0 0 0 0 0 0 0 0 0
115 2 0 0 0 0 0 0 0 0 1 0 0 0
117 1 0 0 0 0 0 0 0 0 0 0 0 0
118 1 0 0 0 0 0 0 0 0 0 0 0 0
121 2 1 1 0 0 0 1 0 0 0 0 0 0
123 1 0 0 0 0 0 1 0 0 0 0 0 0
125 3 0 0 0 0 0 0 0 0 0 0 0 0
128 2 0 0 0 0 0 0 0 0 1 1 0 0
178 3 1 1 2 0 0 0 0 0 0 0 0 0
fl=/build/glibc-OTsEL5/glibc-2.27/elf/../sysdeps/x86/dl-hwcap.h
fn=_dl_important_hwcaps
57 6 0 0 0 0 0 2 0 0 0 0 0 0
fl=/build/glibc-OTsEL5/glibc-2.27/elf/../sysdeps/x86/dl-procinfo.h
fn=_dl_load_cache_lookup
39 4 1 1 0 0 0 1 0 0 1 0 0 0
42 12 1 1 0 0 0 3 0 0 1 0 0 0
fl=/build/glibc-OTsEL5/glibc-2.27/elf/../sysdeps/x86_64/dl-machine.h
fn=_dl_start
59 3 0 0 1 1 1 0 0 0 0 0 0 0
301 27 0 0 0 0 0 0 0 0 9 0 0 0
310 45 0 0 18 1 1 0 0 0 9 0 0 0
313 36 0 0 9 7 7 0 0 0 9 0 0 0
335 55 0 0 9 1 1 0 0 0 9 0 9 1
354 27 1 1 9 1 1 9 2 2 0 0 0 0
422 1 0 0 0 0 0 0 0 0 0 0 0 0
540 78 0 0 39 5 5 0 0 0 39 0 0 0
541 117 1 1 39 5 5 39 21 21 0 0 0 0
fl=/build/glibc-OTsEL5/glibc-2.27/elf/./dl-load.h
fn=_dl_map_object_from_fd
90 8 0 0 4 0 0 0 0 0 4 2 0 0
91 6 1 1 4 0 0 2 0 0 0 0 0 0
93 8 0 0 4 0 0 0 0 0 4 2 0 0
94 10 1 1 6 0 0 0 0 0 2 0 0 0
95 12 1 1 4 0 0 0 0 0 2 0 0 0
96 8 0 0 2 0 0 0 0 0 0 0 0 0
98 8 0 0 0 0 0 2 0 0 0 0 0 0
fl=/build/glibc-OTsEL5/glibc-2.27/elf/./dl-map-segments.h
fn=_dl_map_object_from_fd
50 4 0 0 2 0 0 0 0 0 0 0 0 0
56 14 1 1 6 0 0 6 0 0 0 0 0 0
60 6 1 1 2 0 0 0 0 0 2 0 0 0
63 6 0 0 2 0 0 2 0 0 0 0 0 0
64 4 0 0 0 0 0 2 0 0 0 0 0 0
66 4 0 0 0 0 0 0 0 0 2 2 0 0
73 24 1 1 8 0 0 2 0 0 2 2 0 0
80 4 0 0 4 0 0 0 0 0 0 0 0 0
90 20 1 1 4 0 0 0 0 0 4 2 0 0
92 12 0 0 6 0 0 2 0 0 2 0 0 0
94 20 1 1 6 0 0 2 0 0 2 2 0 0
104 16 0 0 8 0 0 0 0 0 4 2 0 0
110 4 0 0 2 0 0 0 0 0 0 0 0 0
111 2 0 0 0 0 0 0 0 0 0 0 0 0
112 10 0 0 2 0 0 0 0 0 0 0 0 0
113 4 0 0 0 0 0 0 0 0 0 0 0 0
120 4 1 1 0 0 0 0 0 0 2 0 0 0
123 4 0 0 2 0 0 0 0 0 2 0 0 0
131 18 0 0 4 0 0 6 0 0 0 0 0 0
137 4 1 1 0 0 0 0 0 0 2 2 0 0
149 4 0 0 0 0 0 0 0 0 0 0 0 0
fl=/build/glibc-OTsEL5/glibc-2.27/elf/dl-cache.c
fn=_dl_cache_libcmp
141 22 1 1 22 10 10 0 0 0 0 0 0 0
142 112 0 0 0 0 0 0 0 0 56 6 0 0
144 220 1 1 0 0 0 0 0 0 55 1 0 0
146 2 0 0 0 0 0 0 0 0 1 0 0 0
152 4 1 1 0 0 0 0 0 0 0 0 0 0
153 3 0 0 0 0 0 0 0 0 0 0 0 0
154 4 0 0 1 0 0 0 0 0 1 1 0 0
156 4 1 1 1 0 0 0 0 0 1 1 0 0
158 2 0 0 0 0 0 0 0 0 1 1 0 0
164 108 0 0 0 0 0 0 0 0 54 0 0 0
166 196 0 0 88 2 2 0 0 0 54 10 0 0
167 30 0 0 10 0 0 0 0 0 0 0 0 0
170 44 0 0 0 0 0 0 0 0 0 0 0 0
171 44 0 0 0 0 0 0 0 0 0 0 0 0
174 3 0 0 1 0 0 0 0 0 0 0 0 0
fn=_dl_load_cache_lookup
187 9 1 1 0 0 0 6 0 0 0 0 0 0
195 2 1 1 1 0 0 0 0 0 1 0 0 0
198 3 0 0 1 1 1 0 0 0 1 1 0 0
201 5 1 1 0 0 0 1 1 1 0 0 0 0
209 5 1 1 1 0 0 0 0 0 2 0 0 0
210 7 0 0 3 1 1 0 0 0 3 0 0 0
214 1 0 0 0 0 0 1 0 0 0 0 0 0
217 4 1 1 1 0 0 0 0 0 0 0 0 0
220 2 0 0 0 0 0 1 0 0 0 0 0 0
221 3 0 0 0 0 0 0 0 0 1 0 0 0
222 8 1 1 3 1 1 0 0 0 2 1 0 0
243 1 0 0 0 0 0 0 0 0 0 0 0 0
249 2 0 0 0 0 0 0 0 0 1 0 0 0
258 3 0 0 0 0 0 1 0 0 0 0 0 0
260 1 0 0 1 0 0 0 0 0 0 0 0 0
264 6 0 0 1 0 0 2 0 0 0 0 0 0
266 2 0 0 0 0 0 0 0 0 0 0 0 0
270 14 2 2 4 0 0 3 0 0 2 1 0 0
271 3 0 0 1 0 0 0 0 0 0 0 0 0
285 247 9 9 34 9 9 17 0 0 49 9 0 0
297 5 2 2 1 0 0 0 0 0 0 0 0 0
301 2 0 0 1 0 0 0 0 0 1 0 0 0
305 2 0 0 1 0 0 0 0 0 1 0 0 0
313 9 1 1 1 0 0 1 0 0 0 0 0 0
314 3 0 0 0 0 0 1 0 0 0 0 0 0
315 2 0 0 0 0 0 1 0 0 0 0 0 0
316 8 0 0 7 0 0 0 0 0 0 0 0 0
fl=/build/glibc-OTsEL5/glibc-2.27/elf/dl-debug.c
fn=_dl_debug_initialize
49 6 1 1 0 0 0 0 0 0 3 3 0 0
50 3 1 1 3 0 0 0 0 0 0 0 0 0
54 10 0 0 3 0 0 0 0 0 5 4 0 0
57 1 0 0 0 0 0 1 0 0 0 0 0 0
58 5 0 0 2 0 0 1 0 0 1 1 0 0
59 5 1 1 1 0 0 1 0 0 0 0 0 0
60 2 0 0 0 0 0 1 0 0 0 0 0 0
64 1 0 0 1 0 0 0 0 0 0 0 0 0
fn=_dl_debug_state
74 1 0 0 1 0 0 0 0 0 0 0 0 0
fl=/build/glibc-OTsEL5/glibc-2.27/elf/dl-deps.c
fn=_dl_map_object_deps
143 4 0 0 0 0 0 2 0 0 0 0 0 0
144 2 0 0 0 0 0 2 0 0 0 0 0 0
145 7 1 1 0 0 0 2 0 0 0 0 0 0
147 2 0 0 0 0 0 0 0 0 0 0 0 0
151 8 1 1 2 0 0 2 0 0 0 0 0 0
158 11 1 1 0 0 0 8 0 0 0 0 0 0
159 9 1 1 0 0 0 0 0 0 0 0 0 0
175 11 0 0 2 0 0 2 0 0 2 0 0 0
176 1 0 0 1 0 0 0 0 0 0 0 0 0
179 1 1 1 0 0 0 1 0 0 0 0 0 0
185 1 0 0 0 0 0 1 0 0 0 0 0 0
186 1 0 0 0 0 0 1 0 0 0 0 0 0
198 6 1 1 1 0 0 4 0 0 0 0 0 0
200 2 0 0 0 0 0 2 0 0 0 0 0 0
206 1 0 0 0 0 0 0 0 0 0 0 0 0
209 1 0 0 0 0 0 1 0 0 0 0 0 0
213 4 0 0 2 0 0 0 0 0 1 1 0 0
214 4 1 1 2 0 0 0 0 0 2 1 0 0
225 3 1 1 2 0 0 0 0 0 1 0 0 0
227 3 0 0 3 0 0 0 0 0 0 0 0 0
232 1 0 0 0 0 0 1 0 0 0 0 0 0
233 2 0 0 0 0 0 1 0 0 0 0 0 0
234 2 0 0 1 0 0 1 0 0 0 0 0 0
235 2 0 0 1 0 0 1 0 0 0 0 0 0
238 11 1 1 4 0 0 1 0 0 2 0 0 0
239 4 1 1 0 0 0 0 0 0 2 2 0 0
245 14 0 0 2 0 0 2 0 0 2 0 0 0
247 2 0 0 0 0 0 2 0 0 0 0 0 0
249 8 1 1 2 0 0 2 0 0 0 0 0 0
250 2 0 0 1 0 0 0 0 0 1 0 0 0
259 1 0 0 1 0 0 0 0 0 0 0 0 0
261 2 0 0 1 0 0 0 0 0 1 0 0 0
266 3 0 0 0 0 0 0 0 0 0 0 0 0
269 1 0 0 0 0 0 1 1 1 0 0 0 0
270 1 0 0 0 0 0 1 0 0 0 0 0 0
271 1 0 0 0 0 0 1 0 0 0 0 0 0
272 2 0 0 1 0 0 1 0 0 0 0 0 0
274 1 1 1 1 0 0 0 0 0 0 0 0 0
276 5 0 0 1 0 0 2 0 0 0 0 0 0
280 2 0 0 0 0 0 0 0 0 1 1 0 0
304 2 0 0 0 0 0 1 0 0 0 0 0 0
fn=openaux
60 4 1 1 0 0 0 2 0 0 0 0 0 0
63 19 1 1 8 0 0 3 0 0 0 0 0 0
64 4 0 0 2 0 0 0 0 0 0 0 0 0
67 2 0 0 2 0 0 0 0 0 0 0 0 0
68 2 0 0 2 0 0 0 0 0 0 0 0 0
fl=/build/glibc-OTsEL5/glibc-2.27/elf/dl-environ.c
fn=_dl_next_ld_env_entry
29 3 1 1 3 0 0 0 0 0 0 0 0 0
32 211 0 0 70 0 0 0 0 0 70 2 0 0
34 138 1 1 69 0 0 0 0 0 69 27 0 0
35 36 0 0 18 0 0 0 0 0 18 9 0 0
37 2 0 0 0 0 0 0 0 0 0 0 0 0
40 4 0 0 0 0 0 2 0 0 0 0 0 0
42 2 0 0 2 0 0 0 0 0 0 0 0 0
45 67 0 0 0 0 0 0 0 0 0 0 0 0
49 1 0 0 1 0 0 0 0 0 0 0 0 0
fl=/build/glibc-OTsEL5/glibc-2.27/elf/dl-error-skeleton.c
fn=_dl_catch_error
213 7 1 1 0 0 0 3 0 0 0 0 0 0
215 4 0 0 0 0 0 1 0 0 0 0 0 0
216 2 0 0 1 0 0 1 0 0 0 0 0 0
217 2 0 0 1 0 0 1 0 0 0 0 0 0
218 2 0 0 1 0 0 1 0 0 0 0 0 0
220 5 1 1 4 0 0 0 0 0 0 0 0 0
fn=_dl_catch_exception
175 12 1 1 0 0 0 9 0 0 0 0 0 0
187 6 0 0 0 0 0 6 2 2 0 0 0 0
188 6 0 0 0 0 0 3 0 0 0 0 0 0
190 6 0 0 3 0 0 3 0 0 0 0 0 0
191 6 1 1 0 0 0 3 0 0 0 0 0 0
194 18 0 0 0 0 0 3 1 1 3 0 0 0
196 9 0 0 6 0 0 3 0 0 0 0 3 2
197 4 1 1 2 0 0 2 0 0 0 0 0 0
198 8 0 0 2 0 0 4 0 0 0 0 0 0
207 8 0 0 4 0 0 0 0 0 0 0 0 0
fl=/build/glibc-OTsEL5/glibc-2.27/elf/dl-hwcaps.c
fn=_dl_important_hwcaps
42 13 2 2 0 0 0 10 1 1 0 0 0 0
43 8 0 0 1 0 0 3 1 1 0 0 0 0
46 3 0 0 0 0 0 0 0 0 0 0 0 0
55 18 1 1 1 0 0 0 0 0 3 1 0 0
56 6 0 0 0 0 0 0 0 0 0 0 0 0
57 4 0 0 0 0 0 0 0 0 0 0 0 0
65 3 0 0 1 0 0 0 0 0 1 1 0 0
69 3 1 1 0 0 0 0 0 0 0 0 0 0
129 1 0 0 0 0 0 0 0 0 0 0 0 0
131 4 0 0 0 0 0 0 0 0 2 0 0 0
146 7 1 1 0 0 0 0 0 0 0 0 0 0
147 1 0 0 0 0 0 0 0 0 0 0 0 0
149 2 0 0 0 0 0 0 0 0 1 1 0 0
166 1 0 0 0 0 0 0 0 0 0 0 0 0
183 19 1 1 2 0 0 1 0 0 2 1 0 0
184 6 1 1 2 0 0 2 1 1 2 1 0 0
186 1 0 0 0 0 0 1 0 0 0 0 0 0
187 2 0 0 0 0 0 2 1 1 0 0 0 0
188 7 0 0 1 0 0 0 0 0 0 0 0 0
191 3 0 0 1 0 0 0 0 0 1 0 0 0
193 1 0 0 0 0 0 1 0 0 0 0 0 0
194 6 1 1 1 0 0 1 0 0 0 0 0 0
198 2 0 0 0 0 0 1 0 0 0 0 0 0
199 1 0 0 0 0 0 1 0 0 0 0 0 0
202 3 0 0 1 0 0 0 0 0 1 0 0 0
205 4 0 0 0 0 0 1 0 0 1 0 0 0
209 8 1 1 1 0 0 2 0 0 0 0 0 0
210 4 0 0 1 0 0 0 0 0 1 0 0 0
212 3 0 0 0 0 0 0 0 0 0 0 0 0
213 2 1 1 0 0 0 0 0 0 1 0 0 0
214 3 0 0 1 0 0 0 0 0 0 0 0 0
215 2 0 0 0 0 0 0 0 0 1 1 0 0
222 2 0 0 0 0 0 0 0 0 0 0 0 0
228 11 1 1 1 0 0 5 0 0 0 0 0 0
229 5 0 0 0 0 0 1 0 0 0 0 0 0
230 4 1 1 2 0 0 0 0 0 1 0 0 0
259 13 0 0 1 0 0 5 0 0 0 0 0 0
262 4 1 1 1 0 0 1 0 0 1 0 0 0
265 2 1 1 0 0 0 0 0 0 0 0 0 0
269 1 0 0 1 0 0 0 0 0 0 0 0 0
272 2 0 0 0 0 0 0 0 0 0 0 0 0
275 12 0 0 6 0 0 4 0 0 0 0 0 0
278 12 0 0 3 0 0 0 0 0 2 1 0 0
279 24 2 2 2 0 0 6 0 0 2 1 0 0
280 6 0 0 2 0 0 2 0 0 0 0 0 0
283 10 1 1 2 0 0 4 0 0 0 0 0 0
285 7 0 0 3 0 0 0 0 0 2 1 0 0
290 28 1 1 2 0 0 0 0 0 9 7 0 0
291 16 0 0 0 0 0 8 1 1 0 0 0 0
295 22 0 0 0 0 0 0 0 0 0 0 0 0
298 51 0 0 0 0 0 0 0 0 12 10 0 0
299 72 1 1 0 0 0 0 0 0 24 10 0 0
300 36 0 0 24 0 0 0 0 0 0 0 0 0
302 6 0 0 0 0 0 0 0 0 3 2 0 0
305 3 0 0 1 0 0 0 0 0 0 0 0 0
306 2 1 1 0 0 0 0 0 0 0 0 0 0
307 15 1 1 1 0 0 0 0 0 3 1 0 0
309 6 0 0 0 0 0 0 0 0 2 1 0 0
310 2 0 0 2 0 0 0 0 0 0 0 0 0
313 4 0 0 0 0 0 2 0 0 0 0 0 0
320 19 0 0 6 0 0 4 0 0 0 0 0 0
321 4 0 0 0 0 0 0 0 0 0 0 0 0
323 8 0 0 0 0 0 0 0 0 4 3 0 0
326 3 0 0 2 0 0 1 0 0 0 0 0 0
328 2 1 1 1 0 0 0 0 0 0 0 0 0
329 9 1 1 7 0 0 0 0 0 0 0 0 0
fl=/build/glibc-OTsEL5/glibc-2.27/elf/dl-load.c
fn=_dl_init_paths
623 9 1 1 0 0 0 7 0 0 0 0 0 0
636 6 1 1 2 0 0 2 1 1 0 0 0 0
640 1 0 0 0 0 0 1 0 0 0 0 0 0
641 2 0 0 0 0 0 1 0 0 0 0 0 0
642 3 0 0 0 0 0 0 0 0 1 0 0 0
649 4 1 1 0 0 0 0 0 0 0 0 0 0
650 5 0 0 1 0 0 2 0 0 0 0 0 0
653 6 0 0 0 0 0 2 0 0 0 0 0 0
655 2 0 0 0 0 0 0 0 0 1 0 0 0
661 1 0 0 0 0 0 1 0 0 0 0 0 0
662 1 0 0 0 0 0 1 0 0 0 0 0 0
664 1 0 0 0 0 0 0 0 0 0 0 0 0
670 3 0 0 0 0 0 3 0 0 0 0 0 0
672 8 0 0 0 0 0 4 0 0 0 0 0 0
673 4 2 2 0 0 0 4 3 3 0 0 0 0
675 5 0 0 0 0 0 4 0 0 0 0 0 0
676 8 0 0 3 0 0 4 1 1 0 0 0 0
677 7 0 0 0 0 0 0 0 0 0 0 0 0
680 6 0 0 3 2 2 0 0 0 3 0 0 0
681 24 1 1 8 0 0 4 0 0 4 3 0 0
684 30 0 0 3 0 0 5 0 0 4 1 0 0
690 1 1 1 0 0 0 1 1 1 0 0 0 0
691 1 0 0 0 0 0 1 0 0 0 0 0 0
695 1 0 0 1 0 0 0 0 0 0 0 0 0
696 2 0 0 0 0 0 0 0 0 1 0 0 0
698 4 0 0 1 0 0 0 0 0 1 0 0 0
700 3 0 0 1 0 0 0 0 0 1 1 0 0
717 2 0 0 0 0 0 1 0 0 0 0 0 0
719 3 1 1 1 0 0 0 0 0 1 1 0 0
733 2 2 2 0 0 0 1 0 0 0 0 0 0
738 5 1 1 2 0 0 0 0 0 2 1 0 0
740 12 2 2 0 0 0 2 0 0 0 0 0 0
744 2 0 0 0 0 0 0 0 0 0 0 0 0
745 61 1 1 15 0 0 0 0 0 15 6 0 0
746 56 0 0 0 0 0 0 0 0 14 6 0 0
749 1 0 0 0 0 0 1 0 0 0 0 0 0
750 1 0 0 0 0 0 1 0 0 0 0 0 0
751 2 0 0 0 0 0 0 0 0 1 0 0 0
757 7 0 0 0 0 0 1 0 0 0 0 0 0
760 3 0 0 2 0 0 0 0 0 1 0 0 0
766 1 0 0 0 0 0 1 0 0 0 0 0 0
770 8 0 0 7 0 0 0 0 0 0 0 0 0
fn=_dl_map_object
601 15 2 2 5 0 0 0 0 0 5 4 0 0
610 6 1 1 4 0 0 0 0 0 0 0 0 0
2080 27 1 1 0 0 0 24 4 4 0 0 0 0
2082 3 0 0 0 0 0 3 1 1 0 0 0 0
2088 6 0 0 0 0 0 0 0 0 3 0 0 0
2089 12 0 0 3 1 1 0 0 0 3 0 0 0
2092 51 1 1 12 0 0 0 0 0 12 6 0 0
2097 63 1 1 9 0 0 0 0 0 9 0 0 0
2099 45 0 0 0 0 0 9 0 0 9 0 0 0
2103 18 0 0 9 0 0 0 0 0 9 0 0 0
2104 27 0 0 9 0 0 0 0 0 9 5 0 0
2107 4 0 0 4 0 0 0 0 0 0 0 0 0
2108 8 0 0 8 0 0 0 0 0 0 0 0 0
2109 16 0 0 0 0 0 4 0 0 4 4 0 0
2125 9 1 1 3 0 0 0 0 0 3 0 0 0
2135 9 0 0 3 0 0 0 0 0 3 0 0 0
2169 3 0 0 0 0 0 3 2 2 0 0 0 0
2171 17 2 2 2 0 0 3 0 0 3 2 0 0
2175 8 0 0 0 0 0 4 0 0 0 0 0 0
2177 4 0 0 0 0 0 0 0 0 2 0 0 0
2184 8 1 1 2 0 0 0 0 0 4 2 0 0
2188 8 1 1 2 0 0 2 0 0 0 0 0 0
2189 4 0 0 0 0 0 2 0 0 0 0 0 0
2193 6 0 0 2 0 0 0 0 0 2 2 0 0
2196 14 0 0 0 0 0 6 0 0 0 0 0 0
2208 6 1 1 0 0 0 0 0 0 2 0 0 0
2209 14 1 1 2 0 0 2 0 0 4 0 0 0
2219 4 1 1 2 0 0 0 0 0 2 0 0 0
2220 29 1 1 2 0 0 8 0 0 2 2 0 0
2226 5 0 0 0 0 0 0 0 0 2 0 0 0
2235 1 0 0 0 0 0 1 0 0 0 0 0 0
2249 2 1 1 0 0 0 0 0 0 1 0 0 0
2251 3 0 0 1 0 0 0 0 0 1 0 0 0
2255 3 1 1 0 0 0 1 0 0 0 0 0 0
2257 2 0 0 0 0 0 0 0 0 1 0 0 0
2261 2 0 0 0 0 0 0 0 0 1 0 0 0
2269 3 0 0 1 0 0 0 0 0 1 0 0 0
2292 11 1 1 0 0 0 3 0 0 0 0 0 0
2296 5 0 0 3 0 0 0 0 0 1 0 0 0
2297 2 0 0 0 0 0 1 0 0 0 0 0 0
2314 2 1 1 1 0 0 0 0 0 1 0 0 0
2320 1 0 0 0 0 0 1 1 1 0 0 0 0
2322 6 0 0 0 0 0 1 0 0 1 0 0 0
2323 5 1 1 0 0 0 1 0 0 1 0 0 0
2327 10 0 0 0 0 0 2 0 0 0 0 0 0
2330 5 0 0 3 0 0 0 0 0 1 0 0 0
2342 7 1 1 0 0 0 0 0 0 0 0 0 0
2344 2 0 0 0 0 0 0 0 0 1 1 0 0
2388 4 0 0 2 0 0 2 0 0 0 0 0 0
2389 30 1 1 6 0 0 10 0 0 0 0 0 0
2391 18 1 1 14 0 0 0 0 0 0 0 0 0
fn=_dl_map_object_from_fd
369 2 1 1 1 0 0 0 0 0 0 0 0 0
808 30 2 2 0 0 0 22 2 2 0 0 0 0
818 8 0 0 2 0 0 4 1 1 0 0 0 0
819 2 1 1 0 0 0 2 0 0 0 0 0 0
834 29 0 0 9 0 0 0 0 0 7 4 0 0
835 10 0 0 5 0 0 0 0 0 5 0 0 0
852 4 2 2 2 0 0 0 0 0 2 0 0 0
876 8 0 0 2 0 0 2 0 0 2 0 0 0
886 4 0 0 2 0 0 0 0 0 2 0 0 0
908 8 0 0 4 0 0 0 0 0 2 0 0 0
940 4 0 0 0 0 0 0 0 0 2 0 0 0
943 16 0 0 10 0 0 2 0 0 0 0 0 0
944 4 0 0 0 0 0 0 0 0 2 0 0 0
955 6 1 1 4 0 0 2 2 2 0 0 0 0
956 8 0 0 4 0 0 4 0 0 0 0 0 0
957 4 0 0 2 0 0 2 0 0 0 0 0 0
959 6 0 0 0 0 0 0 0 0 0 0 0 0
960 8 0 0 4 0 0 0 0 0 2 0 0 0
961 2 0 0 0 0 0 0 0 0 0 0 0 0
976 6 0 0 0 0 0 4 0 0 0 0 0 0
978 2 0 0 0 0 0 2 0 0 0 0 0 0
980 20 1 1 0 0 0 4 0 0 0 0 0 0
981 2 0 0 0 0 0 0 0 0 0 0 0 0
982 2 0 0 0 0 0 0 0 0 0 0 0 0
988 90 1 1 0 0 0 0 0 0 16 2 0 0
989 106 1 1 14 1 1 0 0 0 52 16 0 0
995 4 0 0 2 0 0 0 0 0 2 0 0 0
1000 4 0 0 2 0 0 2 0 0 0 0 0 0
1001 8 0 0 2 0 0 2 0 0 0 0 0 0
1012 20 1 1 8 0 0 0 0 0 4 0 0 0
1017 32 0 0 8 0 0 0 0 0 4 0 0 0
1025 16 0 0 4 0 0 0 0 0 0 0 0 0
1026 16 1 1 0 0 0 4 3 3 0 0 0 0
1027 20 0 0 4 0 0 4 0 0 0 0 0 0
1028 4 0 0 0 0 0 4 0 0 0 0 0 0
1029 8 0 0 4 0 0 4 0 0 0 0 0 0
1030 8 0 0 0 0 0 4 1 1 0 0 0 0
1034 8 1 1 0 0 0 0 0 0 4 2 0 0
1035 8 0 0 4 0 0 0 0 0 0 0 0 0
1039 8 0 0 0 0 0 0 0 0 0 0 0 0
1040 32 0 0 8 0 0 4 0 0 0 0 0 0
1050 4 1 1 0 0 0 0 0 0 0 0 0 0
1085 10 0 0 2 0 0 2 0 0 0 0 0 0
1092 4 1 1 2 0 0 2 0 0 0 0 0 0
1093 2 0 0 0 0 0 0 0 0 0 0 0 0
1096 4 1 1 2 0 0 2 1 1 0 0 0 0
1097 4 0 0 2 0 0 2 0 0 0 0 0 0
1098 2 0 0 0 0 0 0 0 0 0 0 0 0
1101 8 0 0 2 0 0 0 0 0 2 0 0 0
1110 4 1 1 0 0 0 0 0 0 2 0 0 0
1120 20 0 0 8 0 0 4 0 0 0 0 0 0
1132 8 1 1 4 0 0 0 0 0 2 0 0 0
1141 6 1 1 2 0 0 2 0 0 0 0 0 0
1148 4 1 1 0 0 0 0 0 0 2 2 0 0
1163 6 0 0 2 0 0 0 0 0 2 0 0 0
1182 4 0 0 2 0 0 2 0 0 0 0 0 0
1184 10 1 1 4 0 0 0 0 0 2 0 0 0
1238 6 0 0 2 2 2 0 0 0 2 2 0 0
1242 8 0 0 2 0 0 2 0 0 2 0 0 0
1251 4 0 0 2 0 0 0 0 0 2 0 0 0
1253 8 1 1 4 0 0 2 0 0 0 0 0 0
1255 4 0 0 2 0 0 0 0 0 2 0 0 0
1271 4 0 0 0 0 0 2 0 0 0 0 0 0
1275 4 0 0 2 0 0 0 0 0 2 0 0 0
1276 4 0 0 2 0 0 0 0 0 2 0 0 0
1293 4 1 1 2 0 0 0 0 0 2 1 0 0
1294 1 0 0 0 0 0 1 0 0 0 0 0 0
1297 6 0 0 2 0 0 4 0 0 0 0 0 0
1302 4 0 0 2 0 0 0 0 0 2 0 0 0
1312 4 0 0 2 0 0 0 0 0 2 0 0 0
1322 6 1 1 2 0 0 2 0 0 0 0 0 0
1326 6 0 0 2 0 0 0 0 0 2 2 0 0
1346 18 0 0 14 0 0 0 0 0 0 0 0 0
fn=expand_dynamic_string_token
320 14 1 1 0 0 0 8 0 0 0 0 0 0
330 10 0 0 0 0 0 2 0 0 2 0 0 0
334 4 0 0 0 0 0 0 0 0 0 0 0 0
345 10 0 0 8 0 0 0 0 0 0 0 0 0
fn=fillin_rpath
389 16 2 2 0 0 0 12 0 0 0 0 0 0
391 1 0 0 0 0 0 0 0 0 0 0 0 0
393 12 1 1 4 0 0 2 0 0 2 1 0 0
400 2 0 0 1 0 0 0 0 0 1 0 0 0
402 4 0 0 1 0 0 1 0 0 0 0 0 0
406 2 0 0 0 0 0 0 0 0 1 0 0 0
411 2 0 0 0 0 0 1 0 0 0 0 0 0
412 2 0 0 0 0 0 0 0 0 1 0 0 0
419 7 2 2 1 0 0 0 0 0 2 1 0 0
424 4 0 0 0 0 0 2 0 0 0 0 0 0
428 17 1 1 5 0 0 0 0 0 5 1 0 0
429 8 0 0 4 0 0 0 0 0 4 4 0 0
447 4 1 1 1 0 0 1 0 0 1 1 0 0
450 1 0 0 0 0 0 1 0 0 0 0 0 0
451 7 1 1 2 0 0 2 0 0 0 0 0 0
453 3 0 0 1 0 0 0 0 0 1 0 0 0
457 2 0 0 0 0 0 2 1 1 0 0 0 0
458 1 0 0 0 0 0 0 0 0 0 0 0 0
459 4 0 0 0 0 0 2 0 0 0 0 0 0
460 2 1 1 1 0 0 1 0 0 0 0 0 0
462 2 0 0 1 0 0 0 0 0 1 1 0 0
468 4 0 0 1 0 0 0 0 0 0 0 0 0
469 40 2 2 1 0 0 1 0 0 7 2 0 0
470 12 1 1 0 0 0 5 0 0 2 0 0 0
472 2 0 0 1 0 0 1 0 0 0 0 0 0
473 3 1 1 1 0 0 0 0 0 1 1 0 0
478 2 1 1 0 0 0 1 0 0 0 0 0 0
480 1 0 0 0 0 0 1 0 0 0 0 0 0
481 1 1 1 0 0 0 1 0 0 0 0 0 0
484 3 0 0 0 0 0 1 0 0 0 0 0 0
486 3 1 1 1 0 0 1 0 0 0 0 0 0
490 1 0 0 0 0 0 1 0 0 0 0 0 0
493 9 0 0 7 0 0 0 0 0 0 0 0 0
fn=open_path
1932 16 1 1 0 0 0 12 1 1 0 0 0 0
1933 4 0 0 2 0 0 2 1 1 0 0 0 0
1936 2 1 1 0 0 0 2 0 0 0 0 0 0
1937 2 0 0 0 0 0 2 0 0 0 0 0 0
1939 4 0 0 0 0 0 0 0 0 2 0 0 0
1944 36 1 1 6 0 0 14 1 1 0 0 0 0
1947 6 0 0 4 0 0 0 0 0 0 0 0 0
1951 6 0 0 0 0 0 0 0 0 0 0 0 0
1956 8 0 0 0 0 0 2 0 0 2 0 0 0
1963 10 1 1 4 0 0 4 1 1 0 0 0 0
1964 52 1 1 0 0 0 0 0 0 17 6 0 0
1967 32 0 0 16 0 0 0 0 0 16 7 0 0
1971 90 1 1 54 0 0 18 0 0 0 0 0 0
1974 18 0 0 0 0 0 9 0 0 0 0 0 0
1977 27 0 0 9 0 0 0 0 0 9 0 0 0
1980 89 1 1 45 0 0 18 0 0 0 0 0 0
1982 40 0 0 24 0 0 0 0 0 8 0 0 0
1984 16 0 0 0 0 0 0 0 0 8 2 0 0
1989 16 1 1 8 0 0 0 0 0 8 0 0 0
1990 64 0 0 32 0 0 0 0 0 8 2 0 0
1996 68 3 3 28 0 0 10 0 0 0 0 0 0
1998 48 0 0 8 0 0 8 0 0 8 2 0 0
1999 2 0 0 1 1 1 0 0 0 0 0 0 0
2001 23 0 0 0 0 0 8 0 0 0 0 0 0
2018 4 0 0 0 0 0 2 0 0 0 0 0 0
2028 14 0 0 0 0 0 0 0 0 0 0 0 0
2046 2 0 0 0 0 0 0 0 0 0 0 0 0
2049 7 1 1 1 0 0 0 0 0 3 0 0 0
2054 1 0 0 1 0 0 0 0 0 0 0 0 0
2056 4 1 1 3 0 0 0 0 0 1 0 0 0
2059 3 0 0 1 0 0 0 0 0 1 0 0 0
2073 9 1 1 7 0 0 0 0 0 0 0 0 0
fn=open_verify.constprop.7
1598 154 1 1 11 0 0 99 2 2 0 0 0 0
1637 53 0 0 11 0 0 0 0 0 21 1 0 0
1650 8 0 0 0 0 0 0 0 0 0 0 0 0
1668 54 1 1 11 0 0 11 1 1 0 0 0 0
1670 22 0 0 0 0 0 0 0 0 10 2 0 0
1680 2 0 0 0 0 0 2 0 0 0 0 0 0
1681 4 0 0 0 0 0 2 0 0 0 0 0 0
1686 12 1 1 0 0 0 2 0 0 0 0 0 0
1688 4 0 0 0 0 0 0 0 0 2 0 0 0
1690 4 0 0 2 0 0 2 0 0 0 0 0 0
1692 4 0 0 0 0 0 0 0 0 2 0 0 0
1698 4 0 0 0 0 0 0 0 0 2 0 0 0
1714 34 5 5 19 2 2 0 0 0 11 4 0 0
1788 4 0 0 2 0 0 0 0 0 2 0 0 0
1793 4 0 0 2 0 0 0 0 0 2 0 0 0
1795 8 0 0 2 0 0 0 0 0 2 0 0 0
1801 4 0 0 0 0 0 0 0 0 2 0 0 0
1812 4 0 0 2 2 2 0 0 0 2 0 0 0
1818 8 1 1 2 0 0 0 0 0 0 0 0 0
1819 8 0 0 2 0 0 0 0 0 2 0 0 0
1820 2 0 0 0 0 0 0 0 0 0 0 0 0
1825 2 1 1 1 0 0 0 0 0 0 0 0 0
1840 70 0 0 0 0 0 0 0 0 12 1 0 0
1842 34 1 1 15 9 9 0 0 0 15 9 0 0
1855 6 1 1 0 0 0 0 0 0 2 0 0 0
1858 8 0 0 4 0 0 0 0 0 2 0 0 0
1859 2 0 0 0 0 0 0 0 0 0 0 0 0
1868 18 1 1 12 3 3 0 0 0 3 2 0 0
1870 2 0 0 0 0 0 0 0 0 0 0 0 0
1871 24 1 1 4 0 0 0 0 0 0 0 0 0
1874 6 0 0 0 0 0 0 0 0 2 1 0 0
1879 1 0 0 0 0 0 0 0 0 0 0 0 0
1880 2 0 0 0 0 0 0 0 0 0 0 0 0
1883 2 0 0 0 0 0 0 0 0 1 0 0 0
1886 2 0 0 1 0 0 0 0 0 0 0 0 0
1887 4 0 0 1 0 0 0 0 0 0 0 0 0
1888 1 0 0 1 0 0 0 0 0 0 0 0 0
1889 3 0 0 1 0 0 0 0 0 1 0 0 0
1890 3 1 1 1 0 0 0 0 0 1 1 0 0
1918 90 1 1 70 0 0 0 0 0 0 0 0 0
fl=/build/glibc-OTsEL5/glibc-2.27/elf/dl-lookup.c
fn=_dl_setup_hash
939 12 1 1 4 0 0 0 0 0 4 0 0 0
943 4 0 0 4 0 0 0 0 0 0 0 0 0
947 8 0 0 4 4 4 4 1 1 0 0 0 0
948 4 0 0 4 0 0 0 0 0 0 0 0 0
949 4 0 0 4 0 0 0 0 0 0 0 0 0
951 12 0 0 0 0 0 0 0 0 4 0 0 0
952 4 0 0 0 0 0 4 0 0 0 0 0 0
953 12 1 1 4 0 0 4 0 0 0 0 0 0
955 4 0 0 0 0 0 4 0 0 0 0 0 0
956 8 0 0 0 0 0 0 0 0 0 0 0 0
958 4 0 0 0 0 0 4 0 0 0 0 0 0
960 12 0 0 0 0 0 4 0 0 0 0 0 0
961 4 0 0 4 0 0 0 0 0 0 0 0 0
fl=/build/glibc-OTsEL5/glibc-2.27/elf/dl-minimal.c
fn=calloc
92 3 1 1 0 0 0 0 0 0 0 0 0 0
96 3 0 0 0 0 0 0 0 0 0 0 0 0
99 6 0 0 0 0 0 0 0 0 0 0 0 0
100 9 0 0 0 0 0 0 0 0 3 3 0 0
103 3 1 1 0 0 0 0 0 0 0 0 0 0
fn=free
111 4 0 0 2 0 0 0 0 0 1 0 0 0
fn=malloc
49 3 0 0 0 0 0 2 0 0 0 0 0 0
50 51 1 1 25 0 0 0 0 0 13 1 0 0
55 3 0 0 0 0 0 1 0 0 0 0 0 0
56 2 1 1 1 0 0 0 0 0 0 0 0 0
57 2 0 0 0 0 0 0 0 0 0 0 0 0
61 39 1 1 0 0 0 13 0 0 0 0 0 0
64 87 0 0 0 0 0 0 0 0 25 13 0 0
69 4 1 1 1 0 0 0 0 0 0 0 0 0
70 2 0 0 0 0 0 0 0 0 1 1 0 0
72 1 0 0 0 0 0 0 0 0 0 0 0 0
73 8 0 0 0 0 0 1 0 0 0 0 0 0
75 2 0 0 0 0 0 0 0 0 1 0 0 0
77 3 0 0 1 0 0 0 0 0 1 0 0 0
79 3 0 0 0 0 0 1 0 0 0 0 0 0
82 13 0 0 0 0 0 13 0 0 0 0 0 0
83 13 1 1 0 0 0 13 0 0 0 0 0 0
85 29 0 0 15 0 0 0 0 0 0 0 0 0
fn=strsep
265 4 1 1 2 0 0 0 0 0 2 0 0 0
267 2 0 0 2 0 0 0 0 0 0 0 0 0
268 4 0 0 0 0 0 0 0 0 2 1 0 0
272 77 2 2 15 0 0 0 0 0 15 4 0 0
277 56 0 0 28 0 0 0 0 0 28 7 0 0
279 84 0 0 28 0 0 0 0 0 28 3 0 0
287 14 0 0 0 0 0 0 0 0 0 0 0 0
290 1 0 0 0 0 0 1 0 0 0 0 0 0
294 2 0 0 2 0 0 0 0 0 0 0 0 0
fl=/build/glibc-OTsEL5/glibc-2.27/elf/dl-misc.c
fn=_dl_name_match_p
282 45 1 1 0 0 0 18 0 0 0 0 0 0
283 36 0 0 9 0 0 9 1 1 9 0 0 0
284 9 0 0 0 0 0 0 0 0 0 0 0 0
286 9 0 0 9 0 0 0 0 0 0 0 0 0
288 42 0 0 0 0 0 0 0 0 21 14 0 0
289 60 1 1 12 0 0 12 0 0 12 11 0 0
292 12 0 0 12 0 0 0 0 0 0 0 0 0
294 9 0 0 0 0 0 0 0 0 0 0 0 0
295 45 0 0 27 0 0 0 0 0 0 0 0 0
fn=_dl_sysdep_read_whole_file
44 8 2 2 0 0 0 4 0 0 0 0 0 0
47 3 0 0 0 0 0 1 0 0 0 0 0 0
48 2 0 0 0 0 0 0 0 0 1 0 0 0
50 7 0 0 0 0 0 1 0 0 1 0 0 0
52 2 0 0 1 0 0 1 0 0 0 0 0 0
55 2 0 0 0 0 0 0 0 0 1 1 0 0
57 8 1 1 0 0 0 1 0 0 0 0 0 0
68 2 0 0 0 0 0 1 0 0 0 0 0 0
71 7 0 0 5 0 0 0 0 0 0 0 0 0
fl=/build/glibc-OTsEL5/glibc-2.27/elf/dl-object.c
fn=_dl_add_to_namespace_list
31 15 1 1 0 0 0 9 0 0 0 0 0 0
33 9 0 0 3 0 0 3 0 0 0 0 3 1
35 22 0 0 3 0 0 0 0 0 3 2 0 0
38 15 0 0 5 0 0 0 0 0 5 3 0 0
40 2 0 0 0 0 0 2 0 0 0 0 0 0
42 2 0 0 0 0 0 2 0 0 0 0 0 0
45 2 0 0 0 0 0 1 0 0 0 0 0 0
46 9 1 1 3 0 0 0 0 0 0 0 0 0
47 6 0 0 3 0 0 3 0 0 0 0 0 0
48 6 0 0 0 0 0 3 0 0 0 0 0 0
50 6 0 0 3 0 0 0 0 0 0 0 3 1
51 9 0 0 9 0 0 0 0 0 0 0 0 0
fn=_dl_new_object
59 39 1 1 0 0 0 24 2 2 0 0 0 0
60 18 1 1 0 0 0 9 2 2 0 0 0 0
66 18 0 0 3 0 0 0 0 0 0 0 0 0
68 6 0 0 0 0 0 0 0 0 0 0 0 0
73 15 1 1 0 0 0 6 0 0 0 0 0 0
76 6 0 0 0 0 0 0 0 0 3 0 0 0
79 3 0 0 0 0 0 3 2 2 0 0 0 0
80 9 0 0 3 0 0 3 3 3 0 0 0 0
84 6 1 1 0 0 0 3 1 1 0 0 0 0
85 24 0 0 9 0 0 9 2 2 0 0 0 0
87 3 0 0 0 0 0 3 0 0 0 0 0 0
95 18 0 0 6 0 0 3 1 1 0 0 0 0
96 15 0 0 3 3 3 3 0 0 0 0 0 0
99 6 1 1 3 0 0 0 0 0 3 3 0 0
100 8 1 1 2 0 0 3 3 3 0 0 0 0
101 3 0 0 0 0 0 3 1 1 0 0 0 0
105 3 0 0 0 0 0 3 0 0 0 0 0 0
108 43 0 0 0 0 0 0 0 0 19 12 0 0
110 32 1 1 0 0 0 16 4 4 0 0 0 0
120 6 0 0 0 0 0 3 1 1 0 0 0 0
121 3 0 0 0 0 0 3 3 3 0 0 0 0
124 1 1 1 0 0 0 0 0 0 0 0 0 0
126 18 1 1 3 0 0 0 0 0 3 1 0 0
128 6 0 0 0 0 0 2 1 1 0 0 0 0
131 8 1 1 0 0 0 0 0 0 3 2 0 0
135 6 0 0 2 0 0 0 0 0 2 0 0 0
139 11 0 0 0 0 0 0 0 0 4 4 0 0
147 1 1 1 0 0 0 1 0 0 0 0 0 0
150 6 0 0 0 0 0 3 0 0 0 0 0 0
153 9 0 0 0 0 0 3 0 0 3 1 0 0
155 8 0 0 2 0 0 4 0 0 0 0 0 0
159 8 1 1 2 0 0 0 0 0 2 0 0 0
163 8 0 0 0 0 0 2 0 0 0 0 0 0
164 4 0 0 0 0 0 0 0 0 2 2 0 0
172 2 0 0 0 0 0 0 0 0 0 0 0 0
176 2 0 0 0 0 0 0 0 0 0 0 0 0
209 48 0 0 2 0 0 2 0 0 0 0 0 0
214 42 0 0 0 0 0 0 0 0 0 0 0 0
215 88 0 0 42 0 0 0 0 0 42 17 0 0
220 4 0 0 0 0 0 2 0 0 0 0 0 0
223 2 0 0 0 0 0 2 0 0 0 0 0 0
227 27 1 1 21 0 0 0 0 0 0 0 0 0
fl=/build/glibc-OTsEL5/glibc-2.27/elf/dl-tunables.c
fn=__GI___tunables_init
68 350 0 0 70 0 0 0 0 0 140 5 0 0
71 69 0 0 0 0 0 0 0 0 0 0 0 0
74 6371 1 1 920 32 32 0 0 0 1840 85 0 0
78 138 0 0 0 0 0 0 0 0 69 0 0 0
83 138 0 0 0 0 0 0 0 0 0 0 0 0
150 4 1 1 0 0 0 2 1 1 0 0 0 0
280 3 0 0 1 0 0 0 0 0 1 1 0 0
289 8 1 1 0 0 0 6 1 1 0 0 0 0
297 138 1 1 0 0 0 0 0 0 69 0 0 0
312 6141 2 2 0 0 0 0 0 0 1518 89 0 0
318 7590 0 0 3036 0 0 0 0 0 3036 897 0 0
330 276 1 1 69 0 0 0 0 0 0 0 0 0
364 8 0 0 7 0 0 0 0 0 0 0 0 0
fn=__tunable_get_val
373 58 1 1 6 0 0 0 0 0 11 6 0 0
377 12 1 1 6 0 0 6 0 0 0 0 0 0
399 30 0 0 6 0 0 0 0 0 6 6 0 0
401 6 0 0 6 0 0 0 0 0 0 0 0 0
fl=/build/glibc-OTsEL5/glibc-2.27/elf/dl-tunables.h
fn=__GI___tunables_init
120 2975 0 0 1401 8 8 0 0 0 697 12 0 0
121 2980 0 0 0 0 0 0 0 0 1430 75 0 0
fl=/build/glibc-OTsEL5/glibc-2.27/elf/do-rel.h
fn=_dl_start
83 1 0 0 1 0 0 0 0 0 0 0 0 0
84 1 0 0 1 0 0 0 0 0 0 0 0 0
111 120 0 0 0 0 0 0 0 0 40 6 0 0
112 78 0 0 39 5 5 0 0 0 0 0 0 0
116 2 0 0 1 0 0 0 0 0 1 0 0 0
124 31 0 0 0 0 0 0 0 0 10 4 0 0
136 27 1 1 9 2 2 0 0 0 0 0 0 0
137 18 0 0 0 0 0 0 0 0 0 0 0 0
139 18 0 0 9 0 0 0 0 0 0 0 0 0
fl=/build/glibc-OTsEL5/glibc-2.27/elf/get-dynamic-info.h
fn=_dl_map_object_from_fd
42 4 0 0 0 0 0 0 0 0 2 0 0 0
46 2 0 0 0 0 0 0 0 0 0 0 0 0
48 153 0 0 51 14 14 0 0 0 51 2 0 0
50 98 0 0 0 0 0 0 0 0 49 16 0 0
63 42 0 0 0 0 0 0 0 0 10 5 0 0
64 75 1 1 0 0 0 47 11 11 0 0 0 0
65 8 1 1 0 0 0 0 0 0 2 2 0 0
67 2 0 0 0 0 0 0 0 0 0 0 0 0
68 10 2 2 0 0 0 0 0 0 2 0 0 0
70 2 0 0 0 0 0 0 0 0 0 0 0 0
71 10 0 0 0 0 0 0 0 0 2 0 0 0
72 2 0 0 0 0 0 0 0 0 0 0 0 0
73 8 0 0 0 0 0 2 0 0 0 0 0 0
74 49 0 0 0 0 0 0 0 0 0 0 0 0
81 4 1 1 0 0 0 0 0 0 2 0 0 0
101 7 0 0 3 0 0 0 0 0 2 1 0 0
102 8 0 0 4 0 0 0 0 0 2 0 0 0
103 8 1 1 4 0 0 0 0 0 2 0 0 0
104 8 0 0 4 0 0 0 0 0 2 0 0 0
106 8 0 0 4 0 0 0 0 0 2 0 0 0
111 8 0 0 4 0 0 0 0 0 2 0 0 0
112 7 1 1 3 1 1 0 0 0 2 1 0 0
113 8 0 0 4 0 0 0 0 0 2 0 0 0
119 6 0 0 2 0 0 0 0 0 2 0 0 0
124 4 0 0 2 0 0 0 0 0 2 0 0 0
131 4 0 0 2 0 0 0 0 0 2 0 0 0
132 6 1 1 4 0 0 0 0 0 2 1 0 0
150 6 0 0 2 1 1 0 0 0 2 1 0 0
155 2 0 0 1 0 0 1 0 0 0 0 0 0
157 2 0 0 0 0 0 0 0 0 1 1 0 0
159 2 0 0 0 0 0 0 0 0 1 1 0 0
161 2 0 0 0 0 0 0 0 0 1 0 0 0
164 6 1 1 2 0 0 0 0 0 2 1 0 0
166 4 0 0 1 0 0 1 0 0 0 0 0 0
174 2 0 0 1 0 0 0 0 0 1 0 0 0
179 2 0 0 0 0 0 0 0 0 1 0 0 0
182 4 0 0 2 0 0 0 0 0 2 2 0 0
fn=_dl_start
48 57 1 1 19 6 6 0 0 0 19 1 0 0
50 36 1 1 0 0 0 0 0 0 18 8 0 0
63 21 0 0 0 0 0 0 0 0 5 3 0 0
64 29 0 0 0 0 0 17 5 5 0 0 0 0
65 4 0 0 0 0 0 0 0 0 1 1 0 0
67 3 0 0 0 0 0 0 0 0 0 0 0 0
68 5 1 1 0 0 0 0 0 0 1 1 0 0
70 2 0 0 0 0 0 0 0 0 0 0 0 0
71 5 1 1 0 0 0 0 0 0 1 0 0 0
72 1 0 0 0 0 0 0 0 0 0 0 0 0
73 5 1 1 0 0 0 1 1 1 0 0 0 0
74 18 0 0 0 0 0 0 0 0 0 0 0 0
81 2 1 1 0 0 0 0 0 0 1 0 0 0
101 4 0 0 2 0 0 0 0 0 1 0 0 0
102 4 0 0 2 0 0 0 0 0 1 0 0 0
103 4 1 1 2 0 0 0 0 0 1 0 0 0
104 4 0 0 2 0 0 0 0 0 1 0 0 0
106 4 0 0 2 0 0 0 0 0 1 0 0 0
111 4 0 0 2 0 0 0 0 0 1 0 0 0
112 4 1 1 2 0 0 0 0 0 1 0 0 0
113 4 0 0 2 0 0 0 0 0 1 0 0 0
119 3 0 0 1 0 0 0 0 0 1 0 0 0
124 2 0 0 1 0 0 0 0 0 1 0 0 0
131 3 0 0 1 0 0 0 0 0 1 0 0 0
132 3 1 1 2 0 0 0 0 0 1 0 0 0
140 3 0 0 1 0 0 0 0 0 1 1 0 0
143 3 0 0 1 1 1 0 0 0 1 1 0 0
147 2 1 1 1 0 0 0 0 0 1 0 0 0
148 2 0 0 1 0 0 0 0 0 1 0 0 0
fn=dl_main
33 1 0 0 1 0 0 0 0 0 0 0 0 0
42 2 0 0 0 0 0 0 0 0 1 0 0 0
46 1 0 0 0 0 0 0 0 0 0 0 0 0
48 84 0 0 28 8 8 0 0 0 28 14 0 0
50 54 0 0 0 0 0 0 0 0 27 11 0 0
63 25 0 0 0 0 0 0 0 0 6 1 0 0
64 42 0 0 0 0 0 26 6 6 0 0 0 0
65 4 0 0 0 0 0 0 0 0 1 1 0 0
67 1 0 0 0 0 0 0 0 0 0 0 0 0
68 5 0 0 0 0 0 0 0 0 1 1 0 0
70 1 1 1 0 0 0 0 0 0 0 0 0 0
71 5 1 1 0 0 0 0 0 0 1 0 0 0
72 1 0 0 0 0 0 0 0 0 0 0 0 0
73 4 0 0 0 0 0 1 0 0 0 0 0 0
74 27 0 0 0 0 0 0 0 0 0 0 0 0
81 3 1 1 1 0 0 0 0 0 1 0 0 0
101 3 0 0 1 0 0 0 0 0 1 1 0 0
102 4 0 0 2 0 0 0 0 0 1 0 0 0
103 4 0 0 2 0 0 0 0 0 1 0 0 0
104 4 0 0 2 0 0 0 0 0 1 0 0 0
106 4 1 1 2 0 0 0 0 0 1 0 0 0
111 4 0 0 2 0 0 0 0 0 1 1 0 0
112 4 0 0 2 0 0 0 0 0 1 0 0 0
113 4 0 0 2 0 0 0 0 0 1 0 0 0
119 3 1 1 1 0 0 0 0 0 1 0 0 0
124 2 0 0 1 0 0 0 0 0 1 0 0 0
131 2 0 0 1 0 0 0 0 0 1 0 0 0
132 3 0 0 2 0 0 0 0 0 1 0 0 0
150 3 0 0 1 0 0 0 0 0 1 0 0 0
155 2 0 0 1 0 0 1 1 1 0 0 0 0
157 2 1 1 0 0 0 0 0 0 1 1 0 0
159 2 0 0 0 0 0 0 0 0 1 1 0 0
161 2 0 0 0 0 0 0 0 0 1 0 0 0
162 1 0 0 0 0 0 1 0 0 0 0 0 0
164 3 0 0 1 0 0 0 0 0 1 0 0 0
166 3 0 0 1 0 0 1 0 0 0 0 0 0
174 2 1 1 1 0 0 0 0 0 1 0 0 0
179 2 0 0 0 0 0 0 0 0 1 0 0 0
180 2 0 0 1 0 0 1 0 0 0 0 0 0
182 2 0 0 1 0 0 0 0 0 1 1 0 0
fl=/build/glibc-OTsEL5/glibc-2.27/elf/rtld.c
fn=_dl_start
393 2 0 0 0 0 0 1 1 1 0 0 0 0
394 2 0 0 0 0 0 1 0 0 0 0 0 0
395 2 0 0 0 0 0 1 0 0 0 0 0 0
396 2 0 0 0 0 0 1 0 0 0 0 0 0
397 2 0 0 0 0 0 1 1 1 0 0 0 0
405 5 1 1 0 0 0 1 0 0 0 0 0 0
408 1 0 0 0 0 0 1 0 0 0 0 0 0
414 3 0 0 0 0 0 1 0 0 0 0 0 0
444 9 1 1 0 0 0 6 1 1 0 0 0 0
463 5 0 0 0 0 0 1 1 1 0 0 0 0
486 1 0 0 0 0 0 1 1 1 0 0 0 0
489 1 0 0 0 0 0 1 1 1 0 0 0 0
500 2 0 0 0 0 0 0 0 0 1 1 0 0
505 27 3 3 9 0 0 0 0 0 3 0 0 0
507 1 1 1 1 1 1 0 0 0 0 0 0 0
fn=dl_main
870 12 2 2 0 0 0 7 1 1 0 0 0 0
876 1 0 0 0 0 0 0 0 0 0 0 0 0
879 1 0 0 0 0 0 0 0 0 0 0 0 0
885 1 0 0 0 0 0 1 0 0 0 0 0 0
887 2 0 0 0 0 0 1 1 1 0 0 0 0
891 2 0 0 0 0 0 1 1 1 0 0 0 0
892 2 0 0 0 0 0 1 0 0 0 0 0 0
897 2 1 1 0 0 0 1 0 0 0 0 0 0
907 3 0 0 1 0 0 0 0 0 1 1 0 0
1108 8 2 2 0 0 0 1 0 0 0 0 0 0
1110 2 0 0 0 0 0 0 0 0 1 0 0 0
1111 1 0 0 0 0 0 1 0 0 0 0 0 0
1112 2 0 0 1 0 0 1 0 0 0 0 0 0
1113 2 0 0 1 0 0 1 0 0 0 0 0 0
1117 3 0 0 0 0 0 1 0 0 0 0 0 0
1118 2 1 1 1 0 0 0 0 0 1 0 0 0
1139 1 0 0 0 0 0 1 0 0 0 0 0 0
1140 1 0 0 0 0 0 1 0 0 0 0 0 0
1142 1 0 0 0 0 0 1 0 0 0 0 0 0
1144 1 0 0 1 0 0 0 0 0 0 0 0 0
1147 33 1 1 1 0 0 0 0 0 10 1 0 0
1148 71 2 2 9 5 5 0 0 0 35 13 0 0
1152 3 1 1 1 0 0 1 0 0 0 0 0 0
1153 1 0 0 0 0 0 0 0 0 0 0 0 0
1157 3 0 0 2 0 0 1 0 0 0 0 0 0
1158 1 0 0 0 0 0 0 0 0 0 0 0 0
1166 2 0 0 0 0 0 1 1 1 0 0 0 0
1167 2 1 1 2 1 1 0 0 0 0 0 0 0
1169 1 0 0 0 0 0 1 0 0 0 0 0 0
1176 2 0 0 1 0 0 0 0 0 1 0 0 0
1188 1 0 0 0 0 0 0 0 0 0 0 0 0
1194 2 1 1 0 0 0 0 0 0 0 0 0 0
1202 4 0 0 2 0 0 0 0 0 0 0 0 0
1203 10 1 1 3 1 1 0 0 0 0 0 0 0
1204 4 0 0 2 0 0 0 0 0 2 1 0 0
1205 1 0 0 0 0 0 1 0 0 0 0 0 0
1208 4 0 0 2 1 1 0 0 0 0 0 0 0
1209 4 0 0 2 0 0 0 0 0 2 0 0 0
1210 2 1 1 0 0 0 2 0 0 0 0 0 0
1211 6 0 0 3 0 0 0 0 0 3 1 0 0
1212 2 0 0 0 0 0 1 0 0 0 0 0 0
1239 2 1 1 1 0 0 1 0 0 0 0 0 0
1240 1 0 0 0 0 0 0 0 0 0 0 0 0
1243 2 0 0 1 0 0 1 0 0 0 0 0 0
1244 2 0 0 1 0 0 1 0 0 0 0 0 0
1245 1 0 0 0 0 0 0 0 0 0 0 0 0
1250 3 1 1 1 1 1 0 0 0 1 1 0 0
1253 2 1 1 1 0 0 0 0 0 1 1 0 0
1255 2 0 0 1 0 0 0 0 0 1 1 0 0
1257 3 1 1 1 0 0 0 0 0 1 0 0 0
1270 3 0 0 1 0 0 0 0 0 1 0 0 0
1271 6 0 0 1 0 0 2 0 0 1 0 0 0
1273 3 0 0 3 0 0 0 0 0 0 0 0 0
1276 2 0 0 1 0 0 1 0 0 0 0 0 0
1278 1 0 0 0 0 0 1 0 0 0 0 0 0
1279 1 0 0 0 0 0 1 0 0 0 0 0 0
1281 2 1 1 1 0 0 0 0 0 1 0 0 0
1282 2 0 0 0 0 0 1 0 0 0 0 0 0
1286 2 0 0 1 0 0 0 0 0 1 0 0 0
1288 2 1 1 0 0 0 0 0 0 1 0 0 0
1293 2 0 0 0 0 0 1 0 0 0 0 0 0
1296 2 1 1 1 0 0 0 0 0 1 0 0 0
1312 5 2 2 0 0 0 2 0 0 0 0 0 0
1318 10 1 1 1 0 0 2 0 0 3 1 0 0
1323 2 1 1 1 0 0 1 0 0 0 0 0 0
1326 4 1 1 1 0 0 2 0 0 0 0 0 0
1328 1 0 0 0 0 0 1 0 0 0 0 0 0
1333 2 0 0 1 0 0 0 0 0 1 0 0 0
1336 3 0 0 2 0 0 1 0 0 0 0 0 0
1337 4 0 0 1 0 0 1 0 0 0 0 0 0
1338 2 1 1 1 0 0 1 0 0 0 0 0 0
1339 1 0 0 0 0 0 1 0 0 0 0 0 0
1340 1 0 0 1 0 0 0 0 0 0 0 0 0
1341 1 0 0 1 0 0 0 0 0 0 0 0 0
1346 2 0 0 1 0 0 0 0 0 1 0 0 0
1347 5 0 0 1 0 0 1 0 0 0 0 0 0
1364 2 0 0 1 1 1 0 0 0 1 0 0 0
1365 2 1 1 1 0 0 0 0 0 1 0 0 0
1367 3 0 0 1 0 0 0 0 0 0 0 0 0
1369 1 0 0 0 0 0 1 0 0 0 0 0 0
1370 3 0 0 1 0 0 1 0 0 0 0 0 0
1375 4 1 1 0 0 0 0 0 0 1 1 0 0
1376 5 0 0 1 1 1 0 0 0 1 1 0 0
1378 2 1 1 1 0 0 1 1 1 0 0 0 0
1379 2 0 0 1 0 0 1 0 0 0 0 0 0
1384 2 0 0 1 1 1 0 0 0 1 1 0 0
1389 1 0 0 0 0 0 1 0 0 0 0 0 0
1390 4 1 1 2 0 0 0 0 0 1 0 0 0
1391 2 0 0 0 0 0 0 0 0 1 0 0 0
1570 2 0 0 0 0 0 2 0 0 0 0 0 0
1578 3 0 0 1 0 0 0 0 0 1 0 0 0
1581 2 1 1 1 0 0 1 0 0 0 0 0 0
1585 3 0 0 1 0 0 0 0 0 1 1 0 0
1590 2 0 0 1 0 0 1 0 0 0 0 0 0
1591 1 0 0 0 0 0 1 0 0 0 0 0 0
1592 1 0 0 0 0 0 0 0 0 0 0 0 0
1596 2 0 0 1 0 0 0 0 0 1 0 0 0
1611 3 1 1 2 0 0 0 0 0 1 0 0 0
1612 1 0 0 0 0 0 0 0 0 0 0 0 0
1613 1 0 0 0 0 0 0 0 0 0 0 0 0
1615 3 0 0 1 0 0 0 0 0 1 0 0 0
1617 5 0 0 0 0 0 0 0 0 0 0 0 0
1618 3 0 0 0 0 0 1 0 0 0 0 0 0
1619 4 1 1 0 0 0 0 0 0 0 0 0 0
1621 2 0 0 1 0 0 0 0 0 0 0 0 0
1631 5 0 0 0 0 0 1 0 0 1 0 0 0
1708 4 0 0 2 0 0 0 0 0 1 1 0 0
1712 8 1 1 0 0 0 0 0 0 0 0 0 0
1713 1 0 0 0 0 0 0 0 0 0 0 0 0
1716 3 1 1 0 0 0 1 0 0 0 0 0 0
1717 1 0 0 1 0 0 0 0 0 0 0 0 0
1718 2 0 0 0 0 0 0 0 0 1 0 0 0
1719 2 0 0 0 0 0 0 0 0 1 1 0 0
1725 5 1 1 0 0 0 0 0 0 0 0 0 0
1726 8 0 0 1 0 0 1 0 0 0 0 0 0
2464 2 0 0 1 0 0 1 1 1 0 0 0 0
2466 1 0 0 0 0 0 1 0 0 0 0 0 0
2467 1 0 0 0 0 0 0 0 0 0 0 0 0
2471 8 1 1 1 0 0 2 0 0 0 0 0 0
2473 15 0 0 3 0 0 3 1 1 3 1 0 0
2475 2 0 0 0 0 0 0 0 0 0 0 0 0
2477 105 1 1 21 0 0 0 0 0 42 14 0 0
2478 19 0 0 0 0 0 0 0 0 0 0 0 0
2480 4 0 0 0 0 0 0 0 0 2 0 0 0
2486 14 0 0 2 1 1 0 0 0 2 0 2 2
2507 2 1 1 1 0 0 0 0 0 1 0 0 0
2514 6 0 0 0 0 0 1 0 0 1 0 0 0
2516 3 1 1 0 0 0 1 0 0 0 0 0 0
2562 3 1 1 1 0 0 0 0 0 1 0 0 0
2563 6 1 1 0 0 0 1 0 0 1 1 0 0
2565 3 1 1 0 0 0 1 1 1 0 0 0 0
2635 3 2 2 1 0 0 0 0 0 1 0 0 0
2667 3 0 0 1 0 0 0 0 0 1 1 0 0
fn=handle_ld_preload
121 3 0 0 1 0 0 0 0 0 1 0 0 0
752 1 0 0 0 0 0 1 0 0 0 0 0 0
756 1 0 0 0 0 0 1 0 0 0 0 0 0
757 1 0 0 0 0 0 1 0 0 0 0 0 0
758 1 0 0 0 0 0 1 0 0 0 0 0 0
760 1 0 0 1 0 0 0 0 0 0 0 0 0
762 11 1 1 2 0 0 3 1 1 0 0 0 0
763 3 0 0 1 0 0 0 0 0 1 0 0 0
771 4 0 0 1 0 0 0 0 0 0 0 0 0
837 9 1 1 0 0 0 6 0 0 0 0 0 0
838 1 0 0 0 0 0 0 0 0 0 0 0 0
842 4 0 0 2 0 0 0 0 0 2 0 0 0
845 4 0 0 0 0 0 1 0 0 0 0 0 0
846 3 1 1 0 0 0 0 0 0 1 1 0 0
848 5 2 2 0 0 0 1 0 0 0 0 0 0
849 2 1 1 0 0 0 1 0 0 0 0 0 0
855 1 0 0 0 0 0 0 0 0 0 0 0 0
857 2 0 0 1 0 0 0 0 0 0 0 0 0
859 2 0 0 1 0 0 0 0 0 1 0 0 0
863 9 0 0 7 0 0 0 0 0 0 0 0 0
fn=map_doit
588 2 1 1 0 0 0 1 0 0 0 0 0 0
590 4 0 0 1 0 0 0 0 0 0 0 0 0
591 6 1 1 2 0 0 2 0 0 0 0 0 0
593 2 0 0 2 0 0 0 0 0 0 0 0 0
fn=rtld_lock_default_lock_recursive
784 3 1 1 3 1 1 0 0 0 0 0 0 0
785 3 0 0 3 0 0 0 0 0 0 0 0 0
fn=rtld_lock_default_unlock_recursive
790 3 0 0 3 0 0 0 0 0 0 0 0 0
791 3 0 0 3 0 0 0 0 0 0 0 0 0
fl=/build/glibc-OTsEL5/glibc-2.27/elf/setup-vdso.h
fn=dl_main
24 2 0 0 1 0 0 0 0 0 1 1 0 0
fl=/build/glibc-OTsEL5/glibc-2.27/io/../sysdeps/unix/sysv/linux/access.c
fn=access
27 7 2 2 0 0 0 1 0 0 1 1 0 0
31 1 0 0 1 0 0 0 0 0 0 0 0 0
fl=/build/glibc-OTsEL5/glibc-2.27/io/../sysdeps/unix/sysv/linux/close.c
fn=close
27 12 1 1 0 0 0 0 0 0 3 0 0 0
28 3 0 0 3 0 0 0 0 0 0 0 0 0
fl=/build/glibc-OTsEL5/glibc-2.27/io/../sysdeps/unix/sysv/linux/open64.c
fn=open
36 12 0 0 0 0 0 12 1 1 0 0 0 0
39 72 1 1 0 0 0 0 0 0 24 0 0 0
47 106 1 1 0 0 0 8 0 0 11 2 0 0
49 11 0 0 11 0 0 0 0 0 0 0 0 0
fl=/build/glibc-OTsEL5/glibc-2.27/io/../sysdeps/unix/sysv/linux/read.c
fn=read
27 8 1 1 0 0 0 0 0 0 2 0 0 0
28 2 0 0 2 0 0 0 0 0 0 0 0 0
fl=/build/glibc-OTsEL5/glibc-2.27/io/../sysdeps/unix/sysv/linux/wordsize-64/fxstat.c
fn=_fxstat
33 3 0 0 0 0 0 0 0 0 0 0 0 0
34 6 1 1 0 0 0 0 0 0 3 0 0 0
35 18 1 1 0 0 0 0 0 0 3 0 0 0
39 3 0 0 3 0 0 0 0 0 0 0 0 0
fl=/build/glibc-OTsEL5/glibc-2.27/io/../sysdeps/unix/sysv/linux/wordsize-64/lxstat.c
fn=open
39 12 1 1 0 0 0 0 0 0 0 0 0 0
fl=/build/glibc-OTsEL5/glibc-2.27/io/../sysdeps/unix/sysv/linux/wordsize-64/xstat.c
fn=_xstat
33 8 0 0 0 0 0 0 0 0 0 0 0 0
34 16 1 1 0 0 0 0 0 0 8 0 0 0
35 76 0 0 7 0 0 7 0 0 8 3 0 0
39 1 0 0 1 0 0 0 0 0 0 0 0 0
fl=/build/glibc-OTsEL5/glibc-2.27/misc/../sysdeps/unix/syscall-template.S
fn=mprotect
78 8 1 1 0 0 0 0 0 0 2 0 0 0
79 2 0 0 2 0 0 0 0 0 0 0 0 0
fl=/build/glibc-OTsEL5/glibc-2.27/misc/../sysdeps/unix/sysv/linux/mmap64.c
fn=mmap
41 72 0 0 0 0 0 36 2 2 0 0 0 0
44 12 1 1 0 0 0 0 0 0 6 0 0 0
47 24 2 2 2 0 0 0 0 0 12 8 0 0
52 60 0 0 0 0 0 0 0 0 6 0 0 0
54 42 0 0 42 0 0 0 0 0 0 0 0 0
fl=/build/glibc-OTsEL5/glibc-2.27/posix/../sysdeps/unix/syscall-template.S
fn=uname
78 4 1 1 0 0 0 0 0 0 1 0 0 0
79 1 0 0 1 0 0 0 0 0 0 0 0 0
fl=/build/glibc-OTsEL5/glibc-2.27/setjmp/../sysdeps/x86_64/setjmp.S
fn=__sigsetjmp
26 3 1 1 0 0 0 3 1 1 0 0 0 0
35 3 0 0 0 0 0 0 0 0 0 0 0 0
36 6 0 0 3 0 0 0 0 0 0 0 0 0
37 3 0 0 0 0 0 3 0 0 0 0 0 0
41 3 0 0 0 0 0 3 0 0 0 0 0 0
42 3 0 0 0 0 0 3 0 0 0 0 0 0
43 3 0 0 0 0 0 3 0 0 0 0 0 0
44 3 0 0 0 0 0 3 0 0 0 0 0 0
45 3 0 0 0 0 0 0 0 0 0 0 0 0
47 6 1 1 3 0 0 0 0 0 0 0 0 0
49 3 0 0 0 0 0 3 0 0 0 0 0 0
50 3 0 0 3 0 0 0 0 0 0 0 0 0
51 3 0 0 0 0 0 0 0 0 0 0 0 0
53 6 0 0 3 0 0 0 0 0 0 0 0 0
55 3 0 0 0 0 0 3 0 0 0 0 0 0
59 3 0 0 0 0 0 0 0 0 0 0 0 0
60 3 0 0 3 0 0 0 0 0 0 0 0 0
fl=/build/glibc-OTsEL5/glibc-2.27/string/../sysdeps/x86_64/memcmp.S
fn=bcmp
24 2 1 1 0 0 0 0 0 0 0 0 0 0
25 2 0 0 0 0 0 0 0 0 2 0 0 0
26 2 0 0 0 0 0 0 0 0 0 0 0 0
27 2 0 0 0 0 0 0 0 0 2 0 0 0
28 2 0 0 0 0 0 0 0 0 0 0 0 0
29 2 0 0 0 0 0 0 0 0 0 0 0 0
30 2 0 0 0 0 0 0 0 0 0 0 0 0
31 2 0 0 0 0 0 0 0 0 2 0 0 0
34 2 0 0 0 0 0 0 0 0 0 0 0 0
35 2 0 0 0 0 0 0 0 0 2 1 0 0
36 1 0 0 1 0 0 0 0 0 0 0 0 0
37 1 0 0 1 1 1 0 0 0 0 0 0 0
38 1 0 0 0 0 0 0 0 0 0 0 0 0
39 1 0 0 0 0 0 0 0 0 1 0 0 0
40 1 0 0 0 0 0 0 0 0 0 0 0 0
41 1 0 0 0 0 0 0 0 0 0 0 0 0
42 1 0 0 0 0 0 0 0 0 1 0 0 0
44 2 1 1 0 0 0 0 0 0 0 0 0 0
45 2 0 0 0 0 0 0 0 0 2 1 0 0
46 1 0 0 1 0 0 0 0 0 0 0 0 0
47 1 0 0 1 0 0 0 0 0 0 0 0 0
48 1 0 0 0 0 0 0 0 0 0 0 0 0
49 1 0 0 0 0 0 0 0 0 1 0 0 0
50 1 0 0 0 0 0 0 0 0 0 0 0 0
51 1 0 0 0 0 0 0 0 0 0 0 0 0
52 1 0 0 0 0 0 0 0 0 1 0 0 0
54 2 0 0 0 0 0 0 0 0 0 0 0 0
55 2 0 0 0 0 0 0 0 0 2 0 0 0
56 2 1 1 2 0 0 0 0 0 0 0 0 0
57 2 0 0 2 1 1 0 0 0 0 0 0 0
58 2 0 0 0 0 0 0 0 0 0 0 0 0
59 2 0 0 0 0 0 0 0 0 2 1 0 0
60 1 0 0 0 0 0 0 0 0 0 0 0 0
61 1 0 0 0 0 0 0 0 0 0 0 0 0
62 1 0 0 0 0 0 0 0 0 1 0 0 0
64 1 0 0 0 0 0 0 0 0 0 0 0 0
65 1 0 0 0 0 0 0 0 0 1 0 0 0
66 1 0 0 1 0 0 0 0 0 0 0 0 0
67 1 0 0 1 0 0 0 0 0 0 0 0 0
68 1 0 0 0 0 0 0 0 0 0 0 0 0
69 1 0 0 0 0 0 0 0 0 1 1 0 0
98 2 1 1 0 0 0 0 0 0 0 0 0 0
99 2 0 0 0 0 0 0 0 0 2 2 0 0
114 2 1 1 0 0 0 0 0 0 0 0 0 0
115 2 0 0 2 0 0 0 0 0 0 0 0 0
fl=/build/glibc-OTsEL5/glibc-2.27/string/../sysdeps/x86_64/multiarch/../strchr.S
fn=index
24 7 1 1 0 0 0 0 0 0 0 0 0 0
25 7 0 0 0 0 0 0 0 0 0 0 0 0
26 7 0 0 0 0 0 0 0 0 0 0 0 0
27 7 0 0 0 0 0 0 0 0 0 0 0 0
28 7 0 0 0 0 0 0 0 0 0 0 0 0
29 7 0 0 0 0 0 0 0 0 0 0 0 0
30 7 0 0 0 0 0 0 0 0 0 0 0 0
31 7 0 0 0 0 0 0 0 0 7 0 0 0
32 7 0 0 7 2 2 0 0 0 0 0 0 0
33 7 0 0 0 0 0 0 0 0 0 0 0 0
34 7 0 0 0 0 0 0 0 0 0 0 0 0
35 7 1 1 0 0 0 0 0 0 0 0 0 0
36 7 0 0 0 0 0 0 0 0 0 0 0 0
37 7 0 0 0 0 0 0 0 0 0 0 0 0
38 7 0 0 0 0 0 0 0 0 0 0 0 0
39 7 0 0 0 0 0 0 0 0 0 0 0 0
40 7 0 0 0 0 0 0 0 0 7 1 0 0
41 6 0 0 0 0 0 0 0 0 0 0 0 0
45 6 0 0 0 0 0 0 0 0 0 0 0 0
46 6 0 0 0 0 0 0 0 0 0 0 0 0
47 6 0 0 6 0 0 0 0 0 0 0 0 0
48 6 0 0 0 0 0 0 0 0 0 0 0 0
50 6 0 0 6 0 0 0 0 0 0 0 0 0
54 1 0 0 1 0 0 0 0 0 0 0 0 0
55 1 0 0 0 0 0 0 0 0 0 0 0 0
56 1 0 0 0 0 0 0 0 0 0 0 0 0
57 1 0 0 0 0 0 0 0 0 0 0 0 0
58 1 0 0 0 0 0 0 0 0 0 0 0 0
59 1 1 1 0 0 0 0 0 0 0 0 0 0
60 1 0 0 1 0 0 0 0 0 0 0 0 0
61 1 0 0 0 0 0 0 0 0 0 0 0 0
62 1 0 0 0 0 0 0 0 0 0 0 0 0
63 1 0 0 0 0 0 0 0 0 0 0 0 0
64 1 0 0 0 0 0 0 0 0 0 0 0 0
65 1 0 0 0 0 0 0 0 0 0 0 0 0
66 1 0 0 0 0 0 0 0 0 0 0 0 0
67 1 0 0 1 0 0 0 0 0 0 0 0 0
68 1 0 0 0 0 0 0 0 0 0 0 0 0
69 1 0 0 0 0 0 0 0 0 0 0 0 0
70 1 0 0 0 0 0 0 0 0 0 0 0 0
71 1 0 0 0 0 0 0 0 0 0 0 0 0
72 1 0 0 0 0 0 0 0 0 0 0 0 0
73 1 0 0 0 0 0 0 0 0 0 0 0 0
74 1 0 0 0 0 0 0 0 0 0 0 0 0
75 1 1 1 0 0 0 0 0 0 0 0 0 0
76 1 0 0 0 0 0 0 0 0 0 0 0 0
77 1 0 0 0 0 0 0 0 0 1 1 0 0
129 1 1 1 0 0 0 0 0 0 0 0 0 0
133 1 0 0 0 0 0 0 0 0 0 0 0 0
134 1 0 0 0 0 0 0 0 0 0 0 0 0
135 1 0 0 1 0 0 0 0 0 0 0 0 0
136 1 1 1 0 0 0 0 0 0 0 0 0 0
138 1 0 0 1 0 0 0 0 0 0 0 0 0
fl=/build/glibc-OTsEL5/glibc-2.27/string/../sysdeps/x86_64/multiarch/../strlen.S
fn=strlen
79 15 1 1 0 0 0 0 0 0 0 0 0 0
80 15 0 0 0 0 0 0 0 0 0 0 0 0
81 15 0 0 0 0 0 0 0 0 0 0 0 0
82 15 0 0 0 0 0 0 0 0 0 0 0 0
83 15 1 1 0 0 0 0 0 0 0 0 0 0
84 15 0 0 0 0 0 0 0 0 0 0 0 0
85 15 0 0 0 0 0 0 0 0 0 0 0 0
87 15 0 0 0 0 0 0 0 0 0 0 0 0
89 15 0 0 0 0 0 0 0 0 15 1 0 0
120 14 0 0 14 3 3 0 0 0 0 0 0 0
121 14 0 0 0 0 0 0 0 0 0 0 0 0
122 14 0 0 0 0 0 0 0 0 0 0 0 0
123 14 0 0 0 0 0 0 0 0 0 0 0 0
124 14 0 0 0 0 0 0 0 0 14 6 0 0
125 8 0 0 0 0 0 0 0 0 0 0 0 0
127 8 0 0 8 0 0 0 0 0 0 0 0 0
131 6 0 0 0 0 0 0 0 0 0 0 0 0
132 6 0 0 6 0 0 0 0 0 0 0 0 0
133 6 0 0 6 0 0 0 0 0 0 0 0 0
134 6 0 0 6 0 0 0 0 0 0 0 0 0
135 6 1 1 0 0 0 0 0 0 0 0 0 0
136 6 0 0 0 0 0 0 0 0 0 0 0 0
137 6 0 0 0 0 0 0 0 0 0 0 0 0
138 6 0 0 0 0 0 0 0 0 0 0 0 0
139 6 0 0 0 0 0 0 0 0 0 0 0 0
140 6 0 0 0 0 0 0 0 0 0 0 0 0
141 6 0 0 0 0 0 0 0 0 0 0 0 0
142 6 0 0 0 0 0 0 0 0 0 0 0 0
147 48 0 0 6 0 0 0 0 0 6 0 0 0
151 1 1 1 0 0 0 0 0 0 0 0 0 0
152 14 0 0 4 1 1 0 0 0 0 0 0 0
153 8 1 1 1 0 0 0 0 0 1 0 0 0
fl=/build/glibc-OTsEL5/glibc-2.27/string/../sysdeps/x86_64/multiarch/memmove-vec-unaligned-erms.S
fn=memcpy
129 9 1 1 0 0 0 0 0 0 0 0 0 0
131 37 0 0 0 0 0 0 0 0 0 0 0 0
132 37 0 0 0 0 0 0 0 0 37 22 0 0
133 8 0 0 0 0 0 0 0 0 0 0 0 0
134 8 0 0 0 0 0 0 0 0 8 4 0 0
139 4 0 0 4 0 0 0 0 0 0 0 0 0
140 4 0 0 4 0 0 0 0 0 0 0 0 0
141 4 0 0 0 0 0 4 1 1 0 0 0 0
142 4 0 0 0 0 0 4 0 0 0 0 0 0
147 4 0 0 4 0 0 0 0 0 0 0 0 0
267 29 0 0 0 0 0 0 0 0 0 0 0 0
268 29 0 0 0 0 0 0 0 0 29 18 0 0
269 11 0 0 0 0 0 0 0 0 0 0 0 0
270 11 0 0 0 0 0 0 0 0 11 6 0 0
271 5 0 0 0 0 0 0 0 0 0 0 0 0
272 5 0 0 0 0 0 0 0 0 5 2 0 0
273 3 0 0 0 0 0 0 0 0 3 2 0 0
274 1 0 0 1 0 0 0 0 0 0 0 0 0
275 1 0 0 0 0 0 1 1 1 0 0 0 0
277 3 0 0 3 0 0 0 0 0 0 0 0 0
299 18 0 0 18 0 0 0 0 0 0 0 0 0
300 18 0 0 18 0 0 0 0 0 0 0 0 0
301 18 0 0 0 0 0 18 3 3 0 0 0 0
302 18 0 0 0 0 0 18 0 0 0 0 0 0
303 18 0 0 18 0 0 0 0 0 0 0 0 0
306 6 0 0 6 0 0 0 0 0 0 0 0 0
307 6 0 0 6 0 0 0 0 0 0 0 0 0
308 6 0 0 0 0 0 6 0 0 0 0 0 0
309 6 0 0 0 0 0 6 0 0 0 0 0 0
310 6 0 0 6 0 0 0 0 0 0 0 0 0
313 2 1 1 2 1 1 0 0 0 0 0 0 0
314 2 0 0 2 0 0 0 0 0 0 0 0 0
315 2 0 0 0 0 0 2 1 1 0 0 0 0
316 2 0 0 0 0 0 2 0 0 0 0 0 0
317 2 0 0 2 0 0 0 0 0 0 0 0 0
327 4 0 0 0 0 0 0 0 0 0 0 0 0
328 4 0 0 0 0 0 0 0 0 4 0 0 0
329 4 0 0 0 0 0 0 0 0 0 0 0 0
330 4 0 0 0 0 0 0 0 0 4 4 0 0
352 4 1 1 4 0 0 0 0 0 0 0 0 0
353 4 1 1 4 0 0 0 0 0 0 0 0 0
354 4 0 0 4 0 0 0 0 0 0 0 0 0
355 4 0 0 4 0 0 0 0 0 0 0 0 0
356 4 0 0 0 0 0 4 2 2 0 0 0 0
357 4 0 0 0 0 0 4 0 0 0 0 0 0
358 4 0 0 0 0 0 4 3 3 0 0 0 0
359 4 0 0 0 0 0 4 0 0 0 0 0 0
361 4 0 0 4 0 0 0 0 0 0 0 0 0
fn=mempcpy
116 28 1 1 0 0 0 0 0 0 0 0 0 0
117 28 0 0 0 0 0 0 0 0 0 0 0 0
118 28 0 0 0 0 0 0 0 0 0 0 0 0
fl=/build/glibc-OTsEL5/glibc-2.27/string/../sysdeps/x86_64/multiarch/memset-vec-unaligned-erms.S
fn=memset
109 30 1 1 0 0 0 0 0 0 0 0 0 0
111 6 0 0 0 0 0 0 0 0 0 0 0 0
112 6 0 0 0 0 0 0 0 0 6 2 0 0
113 4 1 1 0 0 0 0 0 0 0 0 0 0
114 4 0 0 0 0 0 0 0 0 4 0 0 0
116 4 0 0 0 0 0 4 2 2 0 0 0 0
117 4 0 0 0 0 0 4 0 0 0 0 0 0
119 4 0 0 4 0 0 0 0 0 0 0 0 0
222 2 1 1 0 0 0 0 0 0 0 0 0 0
223 2 0 0 0 0 0 0 0 0 0 0 0 0
224 2 0 0 0 0 0 0 0 0 2 2 0 0
252 2 0 0 0 0 0 2 2 2 0 0 0 0
253 2 0 0 0 0 0 2 0 0 0 0 0 0
255 2 0 0 2 0 0 0 0 0 0 0 0 0
fl=/build/glibc-OTsEL5/glibc-2.27/string/../sysdeps/x86_64/strcmp.S
fn=strcmp
144 28 1 1 0 0 0 0 0 0 0 0 0 0
145 28 0 0 0 0 0 0 0 0 0 0 0 0
147 28 0 0 0 0 0 0 0 0 0 0 0 0
148 28 0 0 0 0 0 0 0 0 0 0 0 0
169 28 0 0 0 0 0 0 0 0 0 0 0 0
170 28 0 0 0 0 0 0 0 0 28 6 0 0
171 22 0 0 0 0 0 0 0 0 0 0 0 0
172 22 0 0 0 0 0 0 0 0 22 10 0 0
173 10 0 0 10 0 0 0 0 0 0 0 0 0
174 10 0 0 10 0 0 0 0 0 0 0 0 0
175 10 0 0 10 0 0 0 0 0 0 0 0 0
176 10 0 0 10 0 0 0 0 0 0 0 0 0
197 10 0 0 0 0 0 0 0 0 0 0 0 0
198 10 0 0 0 0 0 0 0 0 0 0 0 0
199 10 0 0 0 0 0 0 0 0 0 0 0 0
200 10 0 0 0 0 0 0 0 0 0 0 0 0
201 10 0 0 0 0 0 0 0 0 0 0 0 0
202 10 0 0 0 0 0 0 0 0 0 0 0 0
203 10 0 0 0 0 0 0 0 0 10 8 0 0
218 18 1 1 0 0 0 0 0 0 0 0 0 0
219 18 0 0 0 0 0 0 0 0 0 0 0 0
220 18 0 0 0 0 0 0 0 0 0 0 0 0
221 18 0 0 0 0 0 0 0 0 0 0 0 0
222 18 1 1 0 0 0 0 0 0 0 0 0 0
223 18 0 0 0 0 0 0 0 0 0 0 0 0
224 18 0 0 0 0 0 0 0 0 0 0 0 0
225 18 0 0 0 0 0 0 0 0 18 0 0 0
226 18 0 0 0 0 0 0 0 0 18 4 0 0
227 14 0 0 0 0 0 0 0 0 0 0 0 0
228 14 0 0 0 0 0 0 0 0 0 0 0 0
229 14 0 0 0 0 0 0 0 0 0 0 0 0
231 18 0 0 0 0 0 0 0 0 0 0 0 0
232 18 0 0 0 0 0 0 0 0 0 0 0 0
233 18 0 0 0 0 0 0 0 0 0 0 0 0
234 18 0 0 18 2 2 0 0 0 0 0 0 0
235 18 0 0 0 0 0 0 0 0 0 0 0 0
236 18 0 0 0 0 0 0 0 0 0 0 18 10
571 6 1 1 0 0 0 0 0 0 0 0 0 0
572 6 0 0 6 0 0 0 0 0 0 0 0 0
573 6 0 0 6 0 0 0 0 0 0 0 0 0
574 6 0 0 0 0 0 0 0 0 0 0 0 0
575 6 0 0 0 0 0 0 0 0 0 0 0 0
577 6 0 0 0 0 0 0 0 0 0 0 0 0
578 6 0 0 0 0 0 0 0 0 0 0 0 0
579 6 0 0 0 0 0 0 0 0 0 0 0 0
580 6 0 0 0 0 0 0 0 0 0 0 0 0
581 6 0 0 0 0 0 0 0 0 0 0 0 0
582 6 0 0 0 0 0 0 0 0 0 0 0 0
583 6 0 0 0 0 0 0 0 0 6 5 0 0
584 1 1 1 1 0 0 0 0 0 0 0 0 0
588 1 0 0 0 0 0 0 0 0 0 0 0 0
589 1 0 0 0 0 0 0 0 0 0 0 0 0
590 1 0 0 0 0 0 0 0 0 0 0 0 0
596 1 0 0 0 0 0 0 0 0 0 0 0 0
597 1 0 0 0 0 0 0 0 0 0 0 0 0
598 2 0 0 0 0 0 0 0 0 0 0 0 0
602 1 0 0 0 0 0 0 0 0 0 0 0 0
603 1 0 0 0 0 0 0 0 0 1 0 0 0
606 1 0 0 1 0 0 0 0 0 0 0 0 0
607 1 1 1 1 0 0 0 0 0 0 0 0 0
608 1 0 0 0 0 0 0 0 0 0 0 0 0
611 1 0 0 0 0 0 0 0 0 0 0 0 0
612 1 0 0 0 0 0 0 0 0 0 0 0 0
613 1 0 0 0 0 0 0 0 0 0 0 0 0
619 1 0 0 0 0 0 0 0 0 0 0 0 0
620 1 0 0 0 0 0 0 0 0 0 0 0 0
621 1 0 0 0 0 0 0 0 0 0 0 0 0
622 1 0 0 0 0 0 0 0 0 0 0 0 0
623 1 0 0 0 0 0 0 0 0 0 0 0 0
624 1 0 0 0 0 0 0 0 0 1 1 0 0
696 2 1 1 0 0 0 0 0 0 0 0 0 0
697 2 0 0 2 0 0 0 0 0 0 0 0 0
698 2 0 0 2 0 0 0 0 0 0 0 0 0
699 2 0 0 0 0 0 0 0 0 0 0 0 0
700 2 0 0 0 0 0 0 0 0 0 0 0 0
702 2 0 0 0 0 0 0 0 0 0 0 0 0
703 2 0 0 0 0 0 0 0 0 0 0 0 0
704 2 0 0 0 0 0 0 0 0 0 0 0 0
705 2 0 0 0 0 0 0 0 0 0 0 0 0
706 2 0 0 0 0 0 0 0 0 0 0 0 0
707 2 0 0 0 0 0 0 0 0 0 0 0 0
708 2 0 0 0 0 0 0 0 0 2 1 0 0
1196 2 1 1 0 0 0 0 0 0 0 0 0 0
1197 2 0 0 2 0 0 0 0 0 0 0 0 0
1198 2 0 0 2 0 0 0 0 0 0 0 0 0
1199 2 0 0 0 0 0 0 0 0 0 0 0 0
1200 2 0 0 0 0 0 0 0 0 0 0 0 0
1202 2 0 0 0 0 0 0 0 0 0 0 0 0
1203 2 0 0 0 0 0 0 0 0 0 0 0 0
1204 2 0 0 0 0 0 0 0 0 0 0 0 0
1205 2 0 0 0 0 0 0 0 0 0 0 0 0
1206 2 0 0 0 0 0 0 0 0 0 0 0 0
1207 2 0 0 0 0 0 0 0 0 0 0 0 0
1208 2 0 0 0 0 0 0 0 0 2 2 0 0
1321 1 1 1 0 0 0 0 0 0 0 0 0 0
1322 1 0 0 1 1 1 0 0 0 0 0 0 0
1323 1 0 0 1 0 0 0 0 0 0 0 0 0
1324 1 0 0 0 0 0 0 0 0 0 0 0 0
1325 1 0 0 0 0 0 0 0 0 0 0 0 0
1327 1 0 0 0 0 0 0 0 0 0 0 0 0
1328 1 0 0 0 0 0 0 0 0 0 0 0 0
1329 1 0 0 0 0 0 0 0 0 0 0 0 0
1330 1 0 0 0 0 0 0 0 0 0 0 0 0
1331 1 0 0 0 0 0 0 0 0 0 0 0 0
1332 1 0 0 0 0 0 0 0 0 0 0 0 0
1333 1 0 0 0 0 0 0 0 0 1 1 0 0
1571 3 1 1 0 0 0 0 0 0 0 0 0 0
1572 3 0 0 3 0 0 0 0 0 0 0 0 0
1573 3 0 0 3 0 0 0 0 0 0 0 0 0
1574 3 0 0 0 0 0 0 0 0 0 0 0 0
1575 3 0 0 0 0 0 0 0 0 0 0 0 0
1577 3 0 0 0 0 0 0 0 0 0 0 0 0
1578 3 0 0 0 0 0 0 0 0 0 0 0 0
1579 3 0 0 0 0 0 0 0 0 0 0 0 0
1580 3 0 0 0 0 0 0 0 0 0 0 0 0
1581 3 0 0 0 0 0 0 0 0 0 0 0 0
1582 3 0 0 0 0 0 0 0 0 0 0 0 0
1583 3 0 0 0 0 0 0 0 0 3 2 0 0
1946 2 1 1 0 0 0 0 0 0 0 0 0 0
1947 2 0 0 2 0 0 0 0 0 0 0 0 0
1948 2 0 0 2 1 1 0 0 0 0 0 0 0
1949 2 0 0 0 0 0 0 0 0 0 0 0 0
1950 2 0 0 0 0 0 0 0 0 0 0 0 0
1952 2 0 0 0 0 0 0 0 0 0 0 0 0
1953 2 0 0 0 0 0 0 0 0 0 0 0 0
1954 2 0 0 0 0 0 0 0 0 0 0 0 0
1955 2 0 0 0 0 0 0 0 0 0 0 0 0
1956 2 0 0 0 0 0 0 0 0 0 0 0 0
1957 2 0 0 0 0 0 0 0 0 0 0 0 0
1958 2 0 0 0 0 0 0 0 0 2 1 0 0
1959 1 1 1 1 0 0 0 0 0 0 0 0 0
1963 1 0 0 0 0 0 0 0 0 0 0 0 0
1964 1 0 0 0 0 0 0 0 0 0 0 0 0
1965 1 0 0 0 0 0 0 0 0 0 0 0 0
1971 1 0 0 0 0 0 0 0 0 0 0 0 0
1972 1 0 0 0 0 0 0 0 0 0 0 0 0
1973 2 0 0 0 0 0 0 0 0 0 0 0 0
1977 1 0 0 0 0 0 0 0 0 0 0 0 0
1978 1 0 0 0 0 0 0 0 0 1 0 0 0
1981 1 0 0 1 0 0 0 0 0 0 0 0 0
1982 1 1 1 1 0 0 0 0 0 0 0 0 0
1983 1 0 0 0 0 0 0 0 0 0 0 0 0
1986 1 0 0 0 0 0 0 0 0 0 0 0 0
1987 1 0 0 0 0 0 0 0 0 0 0 0 0
1988 1 0 0 0 0 0 0 0 0 0 0 0 0
1994 1 0 0 0 0 0 0 0 0 0 0 0 0
1995 1 0 0 0 0 0 0 0 0 0 0 0 0
1996 1 0 0 0 0 0 0 0 0 0 0 0 0
1997 1 0 0 0 0 0 0 0 0 0 0 0 0
1998 1 0 0 0 0 0 0 0 0 0 0 0 0
1999 1 0 0 0 0 0 0 0 0 1 1 0 0
2071 2 1 1 0 0 0 0 0 0 0 0 0 0
2072 2 0 0 2 0 0 0 0 0 0 0 0 0
2073 2 0 0 2 0 0 0 0 0 0 0 0 0
2074 2 0 0 0 0 0 0 0 0 0 0 0 0
2075 2 0 0 0 0 0 0 0 0 0 0 0 0
2077 2 0 0 0 0 0 0 0 0 0 0 0 0
2078 2 0 0 0 0 0 0 0 0 0 0 0 0
2079 2 0 0 0 0 0 0 0 0 0 0 0 0
2080 2 0 0 0 0 0 0 0 0 0 0 0 0
2081 2 0 0 0 0 0 0 0 0 0 0 0 0
2082 2 0 0 0 0 0 0 0 0 0 0 0 0
2083 2 0 0 0 0 0 0 0 0 2 2 0 0
2200 2 0 0 0 0 0 0 0 0 0 0 0 0
2202 18 1 1 0 0 0 0 0 0 0 0 0 0
2203 18 0 0 0 0 0 0 0 0 0 0 0 0
2204 18 0 0 0 0 0 0 0 0 0 0 0 0
2205 18 0 0 0 0 0 0 0 0 18 4 0 0
2206 42 0 0 0 0 0 0 0 0 0 0 0 0
2211 28 0 0 0 0 0 0 0 0 0 0 0 0
2217 28 0 0 28 0 0 0 0 0 0 0 0 0
2218 28 0 0 28 0 0 0 0 0 0 0 0 0
2226 28 0 0 0 0 0 0 0 0 0 0 0 0
2227 28 0 0 28 0 0 0 0 0 0 0 0 0
fl=/build/glibc-OTsEL5/glibc-2.27/string/../sysdeps/x86_64/strcspn.S
fn=strcspn
30 1 1 1 0 0 0 0 0 0 0 0 0 0
37 1 0 0 0 0 0 0 0 0 0 0 0 0
38 1 0 0 0 0 0 0 0 0 0 0 0 0
40 1 0 0 0 0 0 0 0 0 0 0 0 0
41 1 0 0 0 0 0 0 0 0 0 0 0 0
42 1 0 0 0 0 0 0 0 0 0 0 0 0
43 1 0 0 0 0 0 0 0 0 0 0 0 0
44 33 0 0 0 0 0 32 4 4 32 10 0 0
47 2 0 0 0 0 0 0 0 0 0 0 0 0
54 1 0 0 1 0 0 0 0 0 0 0 0 0
55 1 0 0 0 0 0 0 0 0 0 0 0 0
56 1 0 0 0 0 0 0 0 0 1 0 0 0
57 1 0 0 0 0 0 1 0 0 0 0 0 0
59 1 0 0 1 0 0 0 0 0 0 0 0 0
60 1 0 0 0 0 0 0 0 0 0 0 0 0
61 1 1 1 0 0 0 0 0 0 1 0 0 0
62 1 0 0 0 0 0 1 0 0 0 0 0 0
64 1 0 0 1 0 0 0 0 0 0 0 0 0
65 1 0 0 0 0 0 0 0 0 0 0 0 0
66 1 0 0 0 0 0 0 0 0 1 1 0 0
75 3 0 0 0 0 0 0 0 0 0 0 0 0
87 12 0 0 0 0 0 0 0 0 0 0 0 0
89 12 0 0 12 0 0 0 0 0 0 0 0 0
90 12 0 0 12 0 0 0 0 0 0 0 0 0
91 12 0 0 0 0 0 0 0 0 12 0 0 0
93 12 0 0 12 0 0 0 0 0 0 0 0 0
94 12 0 0 12 0 0 0 0 0 0 0 0 0
95 12 0 0 0 0 0 0 0 0 12 0 0 0
97 12 0 0 12 0 0 0 0 0 0 0 0 0
98 12 0 0 12 0 0 0 0 0 0 0 0 0
99 12 0 0 0 0 0 0 0 0 12 0 0 0
101 12 0 0 12 0 0 0 0 0 0 0 0 0
102 12 0 0 12 0 0 0 0 0 0 0 0 0
103 12 0 0 0 0 0 0 0 0 12 3 0 0
105 1 0 0 0 0 0 0 0 0 0 0 0 0
106 1 0 0 0 0 0 0 0 0 0 0 0 0
107 1 0 0 0 0 0 0 0 0 0 0 0 0
109 1 0 0 0 0 0 0 0 0 0 0 0 0
116 1 0 0 0 0 0 0 0 0 0 0 0 0
120 1 0 0 1 0 0 0 0 0 0 0 0 0
fl=/build/glibc-OTsEL5/glibc-2.27/string/strdup.c
fn=strdup
40 12 1 1 0 0 0 6 0 0 0 0 0 0
41 6 0 0 0 0 0 3 0 0 0 0 0 0
42 6 0 0 0 0 0 3 0 0 0 0 0 0
44 6 0 0 0 0 0 0 0 0 3 0 0 0
47 12 0 0 0 0 0 0 0 0 0 0 0 0
48 9 0 0 6 0 0 0 0 0 0 0 0 0
fl=???
fn=???
0 23 4 4 21 0 0 1 1 1 0 0 21 5
summary: 41734 432 432 8650 205 205 1614 165 165 11444 1899 78 37
