DAS SEI UESI PARAMETER FILE stb FLAG g-O2 SEED 36 N 4
0 5355 7 7 1541 1 1 1422 0 0 569 45 0 0
0 140280 6 6 35920 0 0 15560 14 14 13440 679 0 0
0 156760 8 8 31880 0 0 21320 18 18 16000 701 0 0
0 322520 15 15 98400 0 0 14840 73 73 50120 4561 0 0
DAS SEI UESI PARAMETER FILE stb FLAG g-O2 SEED 36 N 16
0 209749 7 7 53111 601 1 52713 100 0 25900 119 0 0
0 78135090 6 6 22190300 4028740 0 8109310 85830 1022 7687680 477234 0 0
0 75125930 8 8 16251070 2384658 0 9038590 69684 1084 8138240 505325 0 0
0 176791450 15 15 59603280 14157970 0 7694170 1298670 17344 29907790 1052903 0 0
