DAS SEI UESI PARAMETER FILE stb FLAG g-O2 SEED 36 N 4
0 5355 7 7 1541 1 1 1422 0 0 569 45 0 0
0 140280 6 6 35920 0 0 15560 14 14 13440 679 0 0
0 156760 8 8 31880 0 0 21320 18 18 16000 701 0 0
0 322520 15 15 98400 0 0 14840 73 73 50120 4561 0 0
DAS SEI UESI PARAMETER FILE stb FLAG g-O2 SEED 36 N 16
0 209749 7 7 53111 601 1 52713 100 0 25900 119 0 0
0 78135090 6 6 22190300 4027160 0 8109310 85560 1022 7687680 477234 0 0
0 75125930 8 8 16251070 2386613 0 9038590 69220 1084 8138240 505326 0 0
0 176791450 15 15 59603280 14157480 0 7694170 1298670 17344 29907790 1052904 0 0
DAS SEI UESI PARAMETER FILE stb FLAG g-O2 SEED 36 N 64
0 3281749 7 7 821111 51563 301 820713 103 0 409900 119 0 0
0 18832911570 6 6 5567119580 2217027110 35660 1903159390 26129290 3604590 1874780160 29279633 0 0
0 17249207690 8 8 3806789470 2020894867 104185 1961281630 26180989 3605612 1903616000 29730126 0 0
0 43097177530 15 15 14880822000 5072325160 1863917820 1874797210 260011890 234252840 7442357230 59910821 0 0
DAS SEI UESI PARAMETER FILE reo FLAG g-O2 SEED 36 N 4
0 5355 7 7 1541 1 1 1422 0 0 569 45 0 0
DAS SEI UESI PARAMETER FILE reo FLAG g-O2 SEED 36 N 16
0 209749 7 7 53111 601 1 52713 100 0 25900 119 0 0
DAS SEI UESI PARAMETER FILE reo FLAG g-O2 SEED 36 N 64
0 3281749 7 7 821111 51563 301 820713 103 0 409900 119 0 0
