DAS SEI UESI PARAMETER FILE stb FLAG g-O1 -mfma SEED 36 N 8
0 4548 7 7 1618 204 3 1519 3 3 200 3 0 0
0 5969600 5 5 2187900 0 0 505800 6401 65 467200 12742 0 0
0 5584400 9 9 1650500 1508 23 621100 6510 75 518400 12768 0 0
0 13267400 14 14 3985000 111200 0 472500 55130 569 1780100 81132 0 0
DAS SEI UESI PARAMETER FILE stb FLAG g-O1 -mfma SEED 36 N 32
0 4548 7 7 1618 404 204 1519 3 3 200 3 0 0
0 1405421600 5 5 533907900 103419300 0 111306600 2668700 403464 108236800 3376146 0 0
0 1141226000 9 9 340986500 106459408 11315 118065100 2673840 409830 111513600 3478576 0 0
0 3119210600 14 14 960497800 223750500 12196321 108249300 16400900 13220428 426601700 7075536 0 0
DAS SEI UESI PARAMETER FILE stb FLAG g-O1 -mfma SEED 36 N 64
0 4548 7 7 1618 504 204 1519 103 3 200 3 0 0
0 22149898400 5 5 8466419900 2088378200 0 1729735400 23773200 3276901 1704345600 26617746 0 0
0 17514858000 9 9 5243687300 1889709799 75639 1782983500 23815601 3277414 1730560000 27027376 0 0
0 49268532200 14 14 15231969800 4653387600 1688078000 1704367700 236387700 211328779 6765779300 54470739 0 0
DAS SEI UESI PARAMETER FILE cop FLAG g-O1 -mfma SEED 36 N 8
0 12612802 41 41 3509602 271932 26 631413 42378 719 1663439 88043 0 0
DAS SEI UESI PARAMETER FILE cop FLAG g-O1 -mfma SEED 36 N 32
0 4776779684 41 41 1388354923 220072405 23696056 223157933 17846611 14033978 646454800 13927562 0 0
DAS SEI UESI PARAMETER FILE cop FLAG g-O1 -mfma SEED 36 N 64
0 75087710884 41 41 22002716523 5498049800 1691723943 3461583533 432686105 217939038 10201094800 108116365 0 0
DAS SEI UESI PARAMETER FILE reo FLAG g-O1 -mfma SEED 36 N 8
0 5758790 95 95 1536385 25 25 499461 166 166 642421 14341 0 0
DAS SEI UESI PARAMETER FILE reo FLAG g-O1 -mfma SEED 36 N 32
0 1924780630 95 95 549499866 13264817 328 128731301 860316 8603 223494084 6971877 0 0
DAS SEI UESI PARAMETER FILE reo FLAG g-O1 -mfma SEED 36 N 64
0 29627163886 95 95 8581350266 544336923 1292 1864929797 12456333 67115 3462940124 54095838 0 0
DAS SEI UESI PARAMETER FILE vec FLAG g-O1 -mfma SEED 36 N 8
0 1486098 151 151 912989 2 1 160577 157 157 77476 436 0 0
DAS SEI UESI PARAMETER FILE vec FLAG g-O1 -mfma SEED 36 N 32
0 282283616 151 151 272487362 13155845 1 33719343 860665 8593 16317001 349608 0 0
DAS SEI UESI PARAMETER FILE vec FLAG g-O1 -mfma SEED 36 N 64
0 3893534992 151 151 4157699826 545382492 2 475649207 12957734 67108 233182537 14447307 0 0
