DAS SEI UESI PARAMETER FILE stb FLAG g-O1 SEED 36 N 8
0 4547 7 7 1618 204 3 1519 2 2 200 3 0 0
0 6825800 6 6 2295000 0 0 512100 6400 64 467200 56848 0 0
0 6052000 8 8 1719800 1508 23 627400 6511 76 518400 50579 0 0
0 15512000 13 13 4722000 117400 0 491600 55030 569 1780100 125249 0 0
DAS SEI UESI PARAMETER FILE stb FLAG g-O1 SEED 36 N 32
0 4547 7 7 1618 304 204 1519 103 3 200 4 0 0
0 1618207400 6 6 540557400 103337200 0 111408900 2665200 409700 108236800 3376152 0 0
0 1249468000 8 8 344567000 106460109 23987 118167400 2673341 409830 111513600 3478588 0 0
0 3659033600 13 13 1087938000 223771500 105993000 108558800 16401000 13303683 426601700 7075558 0 0
DAS SEI UESI PARAMETER FILE stb FLAG g-O1 SEED 36 N 64
0 4547 7 7 1618 304 304 1519 203 3 200 5 0 0
0 25530735400 6 6 8519245400 2057569800 34000 1730144900 23764000 3276900 1704345600 26617752 0 0
0 19219215200 8 8 5271123800 1884826999 100983 1783393000 23812900 3277414 1730560000 27027391 0 0
0 57784876800 13 13 17091867600 4691348700 1694471300 1705602000 236374000 212952600 6765779300 54470756 0 0
DAS SEI UESI PARAMETER FILE stb FLAG i-O1 SEED 36 N 8
0 5130 8 8 1909 300 1 1513 2 2 199 3 0 0
0 5558800 4 4 1640500 0 0 518500 6400 64 467100 50641 0 0
0 5394500 9 9 1329900 1509 24 620800 6510 75 524600 50688 0 0
0 12944200 13 13 4344900 121800 0 604800 55031 570 1779900 131580 0 0
DAS SEI UESI PARAMETER FILE stb FLAG i-O1 SEED 36 N 32
0 5130 8 8 1909 700 300 1513 2 2 199 3 0 0
0 1219543600 4 4 340870900 103390400 0 111511300 2665200 409700 108236700 3376145 0 0
0 1049771300 9 9 242474700 106514410 23988 118064800 2676342 409831 111615800 3478695 0 0
0 2939756200 13 13 983597700 223766900 105994000 115310400 16401100 13303183 426601500 7075677 0 0
DAS SEI UESI PARAMETER FILE stb FLAG i-O1 SEED 36 N 64
0 5130 8 8 1909 800 300 1513 2 2 199 3 0 0
0 18981601200 4 4 5243251700 2070778200 16600 1730554500 23765100 3276900 1704345500 26617745 0 0
0 15943201700 9 9 3617569100 1920591600 50692 1782983200 23822801 3277415 1730969400 27027495 0 0
0 46152201000 13 13 15416205700 4675441900 1694472300 1758836800 236375600 213002100 6765779100 54464487 0 0
DAS SEI UESI PARAMETER FILE cop FLAG g-O1 SEED 36 N 8
0 15510700 39 39 3593964 273610 25 637837 42438 719 1663380 137025 0 0
DAS SEI UESI PARAMETER FILE cop FLAG g-O1 SEED 36 N 32
0 5962608700 39 39 1398131524 220107110 106813389 223355837 17848111 14144570 646454700 13927295 0 0
DAS SEI UESI PARAMETER FILE cop FLAG g-O1 SEED 36 N 64
0 93816538300 39 39 22081251524 5514243497 1696970885 3462389437 432690505 220011618 10201094700 108116106 0 0
DAS SEI UESI PARAMETER FILE cop FLAG i-O1 SEED 36 N 8
0 13885985 32 32 4471459 274209 25 654746 42378 719 1663319 139831 0 0
DAS SEI UESI PARAMETER FILE cop FLAG i-O1 SEED 36 N 32
0 5147788867 32 32 1726402020 220088875 106823389 223859226 17847910 14144269 646454600 13930420 0 0
DAS SEI UESI PARAMETER FILE cop FLAG i-O1 SEED 36 N 64
0 80569628867 32 32 27221688420 5623704501 1696918196 3464422426 432745804 220059717 10201094600 108109630 0 0
DAS SEI UESI PARAMETER FILE reo FLAG g-O1 SEED 36 N 8
0 7949729 90 90 1624843 25 25 501006 164 164 643190 65664 0 0
DAS SEI UESI PARAMETER FILE reo FLAG g-O1 SEED 36 N 32
0 2713636943 90 90 559275537 13260320 328 128822450 860016 8601 223523290 6972283 0 0
DAS SEI UESI PARAMETER FILE reo FLAG g-O1 SEED 36 N 64
0 41814169767 90 90 8659694665 540856290 2080291 1865320130 12456389 4885407 3463061994 54096246 0 0
DAS SEI UESI PARAMETER FILE reo FLAG i-O1 SEED 36 N 8
0 5955053 74 74 1696664 25 25 507074 163 163 642950 65607 0 0
DAS SEI UESI PARAMETER FILE reo FLAG i-O1 SEED 36 N 32
0 1861636539 74 74 563654241 13257057 328 129022450 860314 8600 223522891 6972638 0 0
DAS SEI UESI PARAMETER FILE reo FLAG i-O1 SEED 36 N 64
0 28273665579 74 74 8690150977 541441862 2074839 1866129874 12456087 4840999 3463061595 54096598 0 0
