DAS SEI UESI PARAMETER FILE stb FLAG g-O1 -mfma SEED 36 N 32
0 4548 5 5 1618 404 203 1519 102 0 200 3 0 0
0 1545963760 5 5 587298690 113704910 0 122437260 2933920 443865 119060480 3713756 0 0
0 1255348600 10 10 375085150 117164276 11989 129871610 2942784 450924 122664960 3826438 0 0
0 3431131660 15 15 1056547580 246134140 13441910 119074230 18041000 14545083 469261870 7783076 0 0
DAS SEI UESI PARAMETER FILE stb FLAG g-O1 -mfma SEED 36 N 64
0 4548 5 5 1618 404 203 1519 202 0 200 3 0 0
0 24364888240 5 5 9313061890 2268348560 0 1902708940 26144250 3604589 1874780160 29279517 0 0
0 19266343800 10 10 5768056030 2109265946 76537 1961281850 26202849 3605612 1903616000 29730118 0 0
0 54195385420 15 15 16755166780 5120106940 1856885930 1874804470 260026400 232481595 7442357230 59917799 0 0
DAS SEI UESI PARAMETER FILE cop FLAG g-O1 -mfma SEED 36 N 32
0 4776779684 41 41 1388354923 220068350 23694230 223157933 17846511 14034073 646454800 13927560 0 0
DAS SEI UESI PARAMETER FILE cop FLAG g-O1 -mfma SEED 36 N 64
0 75087710884 41 41 22002716523 5497558189 1691722653 3461583533 432680705 217939033 10201094800 108116365 0 0
DAS SEI UESI PARAMETER FILE reo FLAG g-O1 -mfma SEED 36 N 32
0 1924780630 95 95 549499866 13258743 0 128731301 860366 8587 223494084 6971874 0 0
DAS SEI UESI PARAMETER FILE reo FLAG g-O1 -mfma SEED 36 N 64
0 29627163886 95 95 8581350266 544164382 1 1864929797 12456333 67108 3462940124 54095836 0 0
DAS SEI UESI PARAMETER FILE vec FLAG g-O1 -mfma SEED 36 N 32
0 282283616 151 151 272487362 13159149 1 33719343 860665 8593 16317001 349608 0 0
DAS SEI UESI PARAMETER FILE vec FLAG g-O1 -mfma SEED 36 N 64
0 3893534992 151 151 4157699826 545281189 2 475649207 12957734 67108 233182537 14447307 0 0
